((("solarized-dark" .
   [1 0 0 0 0 0 0 0 0 0 0 0 0 0])
  ("solarized-theme" .
   [1 0 0 0 0 0 0 0 0 0 0 0 0 0 0])
  ("dens" .
   [1 0 0 0])
  ("Z.2" .
   [1 0 0])
  ("Y.2" .
   [1 0 0])
  ("Y.1" .
   [1 0 0])
  ("z.2" .
   [3 0 0])
  ("fit" .
   [1 0 0])
  ("lam" .
   [1 0 0])
  ("update.params" .
   [1 0 0 0 0 0 0 0 0 0 0 0 0])
  ("params$delt" .
   [1 0 0 0 0 0 0 0 0 0 0])
  ("params$lam" .
   [1 0 0 0 0 0 0 0 0 0])
  ("params" .
   [6 0 0 0 0 0])
  ("..." .
   [1 0 0])
  ("arg$xi" .
   [1 0 0 0 0 0])
  ("arg$kap.1" .
   [1 0 0 0 0 0 0 0 0])
  ("arg$kap.0" .
   [1 0 0 0 0 0 0 0 0])
  ("arg$lam" .
   [1 0 0 0 0 0 0])
  ("kap.0" .
   [1 0 0 0 0])
  ("rej_u" .
   [1 0 0 0 0])
  ("delt" .
   [3 0 0 0])
  ("kap.1" .
   [1 0 0 0 0])
  ("prop.draw" .
   [1 0 0 0 0 0 0 0 0])
  ("repeat" .
   [1 0 0 0 0 0])
  ("tmp.1" .
   [1 0 0 0 0])
  ("tmp.2" .
   [1 0 0 0 0])
  ("expit" .
   [2 0 0 0 0])
  ("0.0016" .
   [1 0 0 0 0 0])
  ("0.12" .
   [1 0 0 0])
  ("val" .
   [1 0 0])
  ("fee" .
   [1 0 0])
  ("replace.1" .
   [1 0 0 0 0 0 0 0 0])
  ("alloc.name" .
   [1 0 0 0 0 0 0 0 0 0])
  ("alloc.prct" .
   [1 0 0 0 0 0 0 0 0 0])
  ("alloc.exp.net" .
   [1 0 0 0 0 0 0 0 0 0 0 0 0])
  ("p'" .
   [2 0])
  ("non-concordant" .
   [0 0 0 0 0 0 0 0 0 0 0 0 1 0])
  ("pair" .
   [1 0 0 0])
  ("treatment" .
   [2 0 0 0 0 0 0 0 0])
  ("python-mode-hook" .
   [1 0 0 0 0 0 0 0 0 0 0 0 0 0 0 0])
  ("Gam" .
   [1 0 0])
  ("y.obs" .
   [5 0 0 0 0])
  ("obs.norm" .
   [1 0 0 0 0 0 0 0])
  ("test.stat" .
   [11 0 0 0 0 0 0 0 0])
  ("pchisq" .
   [1 0 0 0 0 0])
  ("k.95" .
   [5 0 0 0])
  ("y3" .
   [1 0])
  ("likelihood" .
   [1 0 0 0 0 0 0 0 0 0])
  ("Normal" .
   [1 0 0 0 0 0])
  ("9-10" .
   [1 0 0 0])
  ("ancillary" .
   [1 0 0 0 0 0 0 0 0])
  ("iid" .
   [3 0 0])
  ("natural/canonical" .
   [0 0 0 0 0 0 0 0 0 0 0 0 1 0 0 0 0])
  ("Rao-Blackwell" .
   [1 0 0 0 0 0 0 0 0 0 0 0 0])
  ("families" .
   [1 0 0 0 0 0 0 0])
  ("Exm" .
   [3 0 0])
  ("Thm" .
   [3 0 0])
  ("randomized" .
   [1 0 0 0 0 0 0 0 0 0])
  ("sufficiency" .
   [1 0 0 0 0 0 0 0 0 0 0])
  ("minimaxity" .
   [1 0 0 0 0 0 0 0 0 0])
  ("Prop" .
   [1 0 0 0])
  ("newcommand" .
   [0 0 0 0 0 0 1 0 0 0])
  ("exm" .
   [3 0 0])
  ("Defn" .
   [6 0 0 0])
  ("Page" .
   [24 0 0 0])
  ("Freedman" .
   [1 0 0 0 0 0 0 0])
  ("said" .
   [1 0 0 0])
  ("comes" .
   [1 0 0 0 0])
  ("prediction" .
   [1 0 0 0 0 0 0 0 0 0])
  ("importance" .
   [1 0 0 0 0 0 0 0 0 0])
  ("permutation" .
   [1 0 0 0 0 0 0 0 0 0 0])
  ("BART" .
   [1 0 0 0])
  ("validation" .
   [1 0 0 0 0 0 0 0 0 0])
  ("tree" .
   [1 0 0 0])
  ("selected" .
   [1 0 0 0 0 0 0 0])
  ("bart.final$s_sq_y" .
   [0 0 0 0 0 0 0 0 0 0 0 1 0 0 0 0 0])
  ("cv.overfit" .
   [0 0 0 0 0 0 0 0 0 1])
  ("cv.overfit$rmse" .
   [1 0 0 0 0 0 0 0 0 0 0 0 0 0 0])
  ("bart.final.overfit" .
   [0 0 0 0 0 0 0 0 0 0 0 0 1 0 0 0 0 0])
  ("submission.glmnet$Prediction" .
   [0 0 0 0 0 0 0 0 0 0 0 0 0 0 0 0 0 0 0 1 0 0 0 0 0 0 0 0])
  ("submission.glmnet" .
   [1 0 0 0 0 0 0 0 0 0 0 0 0 0 0 0 0])
  ("cv.lin$cvup" .
   [0 0 0 0 0 0 0 1 0 0 0])
  ("cv.lin" .
   [1 0 0 0 0 0])
  ("cv.lin$cvm" .
   [1 0 0 0 0 0 0 0 0 0])
  ("cv.lin$glmnet.fit" .
   [1 0 0 0 0 0 0 0 0 0 1 0 0 0 0 0 0])
  ("cv.glmnet" .
   [1 0 0 0 0 0 0 0 0])
  ("model.matrix" .
   [1 0 0 0 0 0 0 0 0 0 0 1])
  ("glm" .
   [1 0 0])
  ("rf" .
   [0 1])
  ("rf$mse" .
   [1 0 0 0 0 0])
  ("rf$y" .
   [0 0 0 1])
  ("rcv$predicted" .
   [1 0 0 0 0 0 0 0 0 0 0 0 0])
  ("rcv$error.cv" .
   [0 0 0 0 0 1 1 0 0 0 0 0])
  ("rcv$n.var" .
   [0 0 0 0 1 1 0 1 0])
  ("rcv" .
   [2 0 0])
  ("bart.train$cv_stats" .
   [0 0 0 0 0 0 0 0 0 0 0 0 0 1 0 0 0 0 0])
  ("bart.bench$cv_stats" .
   [0 0 0 0 0 0 0 0 0 0 0 0 0 1 0 0 0 0 0])
  ("features" .
   [1 0 0 0 0 0 0 0])
  ("plot_y_vs_yhat" .
   [0 0 0 0 0 0 0 0 0 0 0 0 0 3])
  ("check_bart_error_assumptions" .
   [0 0 0 0 0 0 0 0 1 0 0 0 0 0 0 0 0 0 0 0 0 0 0 0 0 0 0 0])
  ("plot_convergence_diagnostics" .
   [0 0 0 0 0 0 0 1 1 0 0 0 0 0 0 0 0 0 0 0 0 0 0 0 0 0 0 1])
  ("bart.rhc$y_hat_train" .
   [1 0 0 0 0 0 0 0 0 0 0 0 0 0 0 0 0 0 0 0])
  ("bartMachine" .
   [2 0 0 0 0 0 0 0 0 0 0])
  ("rbinom" .
   [4 0 0 0 0 0])
  ("list.packages" .
   [0 0 0 0 0 0 0 1 0 0 0 0 0])
  ("1+n" .
   [1 0 0])
  ("dQ" .
   [8 0])
  ("expression" .
   [1 0 0 0 0 0 0 0 0 0])
  ("pq" .
   [1 0])
  ("dominating" .
   [1 0 0 0 0 0 0 0 0 0])
  ("x+" .
   [1 0])
  ("Phi" .
   [3 0 0])
  ("'x" .
   [1 0])
  ("p-q" .
   [2 0 0])
  ("demonstrates" .
   [1 0 0 0 0 0 0 0 0 0 0 0])
  ("eqslantgtr" .
   [1 0 0 0 0 0 0 0 0 0])
  ("posEigVec" .
   [2 0 0 0 0 0 0 0 0])
  ("a-k" .
   [1 0 0])
  ("n=0" .
   [1 0 0])
  ("PFposOp" .
   [1 0 0 0 0 0 0])
  ("uniqueness" .
   [1 0 0 0 0 0 0 0 0 0])
  ("generality" .
   [1 0 0 0 0 0 0 0 0 0])
  ("think" .
   [1 0 0 0 0])
  ("desirable" .
   [1 0 0 0 0 0 0 0 0])
  ("max-|t|" .
   [1 0 0 0 0 0 0])
  ("conservative" .
   [2 0 0 0 0 0 0 0 0 0 0 0])
  ("constants" .
   [1 0 0 0 0 0 0 0 0])
  ("universal" .
   [1 0 0 0 0 0 0 0 0])
  ("makes" .
   [1 0 0 0 0])
  ("measured" .
   [1 0 0 0 0 0 0 0])
  ("algorithm" .
   [1 0 0 0 0 0 0 0 0])
  ("samples" .
   [2 0 0 0 0 0 0])
  ("street" .
   [1 0 0 0 0 0])
  ("traffic" .
   [1 0 0 0 0 0 0])
  ("trace" .
   [1 0 0 0 0])
  ("prob.A.best" .
   [1 0 0 0 0 0 0 0 0 0 0])
  ("observed" .
   [3 0 0 0 0 0 0 0])
  ("SAT.gibbs" .
   [0 0 0 0 1 0 0 0 0])
  ("chain1" .
   [1 0 0 0 0 0])
  ("prob3" .
   [1 0 0 0 0])
  ("draw" .
   [4 0 0 0])
  ("quartz" .
   [0 0 0 0 0 1])
  ("par" .
   [3 0 1])
  ("K.3.rayQ" .
   [1 0 0 0 0 0 0 0])
  ("K.3.maxR" .
   [2 0 0 1 0 0 1 0])
  ("K.2" .
   [4 0 0])
  ("valid" .
   [1 0 0 0 0])
  ("bSigma" .
   [1 0 0 0 0 0])
  ("iX" .
   [1 0])
  ("X.eig$values" .
   [1 0 0 0 0 0 1 0 0 0 0 0])
  ("X.eig" .
   [1 0 0 0 0])
  ("eigen" .
   [1 0 0 0 0])
  ("1:m" .
   [1 0 0])
  ("nw.posi" .
   [1 0 0 0 0 0 1])
  ("nw.posi.sum" .
   [0 0 0 0 0 1 0 0 0 0 0])
  ("asymptotically" .
   [3 0 0 0 0 0 0 0 0 0 0 0 0 0])
  ("i'" .
   [2 0])
  ("s.ratio" .
   [1 0 0 0 0 0 0])
  ("16954.63" .
   [1 0 0 0 0 0 0 0])
  ("nrow" .
   [1 0 0 0])
  ("s.sand" .
   [3 0 0 0 0 0])
  ("s.conv" .
   [3 0 0 0 0 0])
  ("D_r" .
   [3 0 0])
  ("ot" .
   [5 0])
  ("sum.ot" .
   [0 0 0 0 0 1])
  ("fit.ot" .
   [2 0 0 0 0 0])
  ("read.table" .
   [1 0 0 0 0 0 0 0 0 0])
  ("*'" .
   [4 0])
  ("K" .
   [1])
  ("summary.PoSI" .
   [1 0 0 0 0 0 0 0 0 0 0 0])
  ("X.test" .
   [1 0 0 0 0 0])
  ("scale" .
   [1 0 0 0 0])
  ("degree" .
   [1 0 0 0 0 0])
  ("fac" .
   [1 0 0])
  ("Rate" .
   [1 0 0 0])
  ("stdized" .
   [1 0 0 0 0 0 0])
  ("HS" .
   [1 0])
  ("K.posi" .
   [1 0 0 0 0 0])
  ("K." .
   [1 0])
  ("fit.summary$coefficients" .
   [2 0 0 0 0 0 0 0 0 0 0 0 0 0 0 0 0 0 0 0 0 0 0 0])
  ("fit.summary$sigma" .
   [2 0 0 0 0 0 0 0 0 0 0 0 0 0 0 0 0])
  ("s$" .
   [1 0])
  ("fit.summary" .
   [1 0 0 0 0 1 0 0 0 0 1])
  ("Bonferroni" .
   [4 0 0 0 0 0 0 0 0 0])
  ("you" .
   [1 0 0])
  ("covariates" .
   [1 0 0 0 0 0 0 0 0 0])
  ("force" .
   [1 0 0 0 0])
  ("submodel" .
   [2 0 0 0 0 0 0 0])
  ("intercept" .
   [1 0 0 0 0 0 0 0 0])
  ("PoSI" .
   [5 0 0 0])
  ("design" .
   [1 0 0 0 0 0])
  ("procedure" .
   [2 0 0 0 0 0 0 0 0])
  (":p" .
   [1 0])
  ("M.last" .
   [1 0 0 0 0 0])
  ("break" .
   [3 0 0 0 0])
  ("text" .
   [3 0 0 0])
  ("h" .
   [4])
  ("dat$X" .
   [1 0 0 0 0])
  ("sin" .
   [1 0 0])
  ("author" .
   [1 0 0 0 0 0])
  ("renewcommand" .
   [1 0 0 0 0 0 0 0 0 0 0 0])
  ("Gauss-Markov" .
   [1 0 0 0 0 0 0 0 0 0 0 0])
  ("Dey" .
   [1 0 0])
  ("t'" .
   [1 0])
  ("i2" .
   [1 0])
  ("1/n" .
   [1 0 0])
  ("r-1" .
   [1 0 0])
  ("-d" .
   [1 0])
  ("didn't" .
   [1 0 0 0 0 0])
  ("considered" .
   [2 0 0 0 0 0 0 0 0 0])
  ("arabic" .
   [1 0 0 0 0 0])
  ("setting" .
   [2 0 0 0 0 0 0])
  ("xi'" .
   [1 0 0])
  ("r+1" .
   [1 0 0])
  ("1+" .
   [1 0])
  ("U" .
   [7])
  ("0.9578163" .
   [1 0 0 0 0 0 0 0 0])
  ("augmented" .
   [2 0 0 0 0 0 0 0 0])
  ("constraints" .
   [1 0 0 0 0 0 0 0 0 0 0])
  (".87550014" .
   [1 0 0 0 0 0 0 0 0])
  ("Error''" .
   [1 0 0 0 0 0 0])
  ("Std" .
   [1 0 0])
  ("3.31572" .
   [1 0 0 0 0 0 0])
  ("SERVER" .
   [1 0 0 0 0 0])
  ("appropriate" .
   [1 0 0 0 0 0 0 0 0 0 0])
  ("A'" .
   [4 0])
  ("rows" .
   [1 0 0 0])
  ("mu+" .
   [1 0 0])
  ("ijk" .
   [3 0 0])
  ("evaluation" .
   [1 0 0 0 0 0 0 0 0 0])
  ("Several" .
   [1 0 0 0 0 0 0])
  ("Minkowski" .
   [1 0 0 0 0 0 0 0 0])
  ("way" .
   [1 0 0])
  ("interesting" .
   [1 0 0 0 0 0 0 0 0 0 0])
  ("older's" .
   [1 0 0 0 0 0 0])
  ("duality" .
   [2 0 0 0 0 0 0])
  ("derived" .
   [1 0 0 0 0 0 0])
  ("sout" .
   [5 0 0 0])
  ("often" .
   [1 0 0 0 0])
  ("mathematics" .
   [1 0 0 0 0 0 0 0 0 0 0])
  ("newpage" .
   [2 0 0 0 0 0 0])
  ("kbd" .
   [1 0 0])
  ("swap-solarized-theme" .
   [1 0 0 0 0 0 0 0 0 0 0 0 0 0 0 0 0 0 0 0])
  ("set-frame-parameter" .
   [1 0 0 0 0 0 0 0 0 0 0 0 0 0 0 0 0 0 0])
  ("customize-variable" .
   [1 0 0 0 0 0 0 0 0 0 0 0 0 0 0 0 0 0])
  ("enable-theme" .
   [8 0 0 0 0 0 0 0 0 0 0 1])
  ("background-mode" .
   [2 0 0 0 0 0 0 0 0 0 0 0 0 0 0])
  ("set-frame-size" .
   [0 0 0 0 0 0 0 0 0 0 0 0 0 1])
  ("progn" .
   [2 0 0 0 0])
  ("dark" .
   [2 0 0 0])
  ("string=" .
   [1 0 0 0 0 0 0])
  ("interactive" .
   [2 0 0 0 0 0 0 0 0 0 0])
  (".1" .
   [1 0])
  ("ll0" .
   [1 0 0])
  ("hist" .
   [5 0 0 0])
  ("ll_contour" .
   [2 0 0 0 0 0 0 0 0 0])
  ("pc" .
   [1 0])
  ("stat_contour" .
   [2 0 0 0 0 0 0 0 0 0 0 0])
  ("ll" .
   [5 0])
  ("dbeta" .
   [2 0 0 0 0])
  ("tmp" .
   [3 0 0])
  ("initialize" .
   [0 0 0 0 1 0 0 0 0 0])
  ("start" .
   [1 0 0 0 0])
  ("gridSearch" .
   [1 0 0 0 0 0 0 0 0 0])
  ("fn" .
   [4 0])
  ("mesh" .
   [3 0 0 0])
  ("n-p" .
   [1 0 0])
  ("X'X" .
   [2 0 0])
  ("update.packages" .
   [2 0 0 0 0 0 0 0 0 0 0 0 0 0 0])
  ("center" .
   [2 0 0 0 0 1])
  ("wait" .
   [1 0 0 0])
  ("people" .
   [1 0 0 0 0 0])
  ("modelling" .
   [1 0 0 0 0 0 0 0 0])
  ("rate" .
   [1 0 0 0])
  ("passenger" .
   [1 0 0 0 0 0 0 0 0])
  ("df$year" .
   [0 0 0 0 0 0 1])
  ("df$exposure" .
   [2 0 0 0 0 0 0 0 0 0 0])
  ("df$deaths" .
   [2 0 0 0 0 0 0 0 1])
  ("quantile" .
   [7 0 0 0 0 0 0 0])
  ("rpois" .
   [1 0 0 0 0])
  ("reshape" .
   [2 0 0 0 1 0 0])
  ("stack" .
   [1 0 0 0 0])
  ("sapply" .
   [2 0 0 0 0 0])
  ("rgamma" .
   [2 0 0 0 0 0])
  ("y$fatal" .
   [1 0 0 0 0 0 0])
  ("y$V1" .
   [1 0 0 1])
  ("come" .
   [1 0 0 0])
  ("reasonable" .
   [1 0 0 0 0 0 0 0 0 0])
  ("alpha=1" .
   [1 0 0 0 0 0 0])
  ("alpha+" .
   [1 0 0 0 0 0])
  ("t+1" .
   [1 0 0])
  ("n+" .
   [2 0])
  ("alpha=" .
   [1 0 0 0 0 0])
  ("beta+k" .
   [1 0 0 0 0 0])
  ("alpha+k" .
   [2 0 0 0 0 0 0])
  ("y+1" .
   [1 0 0])
  ("y" .
   [13])
  ("y|" .
   [1 0])
  ("Bin" .
   [1 0 0])
  ("predictive" .
   [3 0 0 0 0 0 0 0 0 0])
  ("sample.df$post" .
   [1 0 0 0 0 0 0 0 0 0 0 0 0 0])
  ("sample.df" .
   [1 0 0 0 0 0 0 0 0])
  ("grid" .
   [3 0 0 0])
  ("plot_pt" .
   [1 0 0 0 0 0 0])
  ("j=m" .
   [1 0 0])
  ("PA" .
   [1 0])
  ("k=m" .
   [3 0 0])
  ("repulsion" .
   [2 0 0 0 0 0 0 0 0])
  ("bcIIpetrov" .
   [1 0 0 0 0 0 0 0 0 0])
  ("II" .
   [3 0])
  ("events" .
   [1 0 0 0 0 0])
  ("proving" .
   [2 0 0 0 0 0 0])
  ("selb2" .
   [1 0 0 0 0])
  ("dependence" .
   [2 0 0 0 0 0 0 0 0 0])
  ("Selberg's" .
   [1 0 0 0 0 0 0 0 0])
  ("selb1" .
   [4 0 0 0 0])
  ("label" .
   [9 0 0 0 0])
  ("powerful" .
   [2 0 0 0 0 0 0 0])
  ("level" .
   [3 0 0 0 0])
  ("c=c" .
   [1 0 0])
  ("c=1" .
   [1 0 0])
  ("V" .
   [11])
  ("region" .
   [1 0 0 0 0 0])
  ("test" .
   [24 0 0 0])
  ("LR" .
   [2 0])
  ("null" .
   [16 0 0 0])
  ("i/b" .
   [1 0 0])
  ("*" .
   [8])
  ("alternative" .
   [1 0 0 0 0 0 0 0 0 0 0])
  ("nu" .
   [2 0])
  ("Theta'" .
   [2 0 0 0 0 0])
  ("xi" .
   [3 0])
  ("1/" .
   [1 0])
  ("To" .
   [1 0])
  ("Being" .
   [1 0 0 0 0])
  ("like" .
   [3 0 0 0])
  ("explicitly" .
   [1 0 0 0 0 0 0 0 0 0])
  ("bayes" .
   [1 0 0 0 0])
  ("n|" .
   [3 0])
  ("n|>M" .
   [3 0 0 0])
  ("|X" .
   [3 0])
  ("textbf" .
   [7 0 0 0 0 0])
  ("TRUE" .
   [1 0 0 0])
  ("Is" .
   [1 0])
  ("blue" .
   [2 0 0 0])
  ("-|t|" .
   [1 0 0 0])
  ("t-a" .
   [1 0 0])
  ("it's" .
   [3 0 0 0])
  ("check" .
   [1 0 0 0 0])
  ("EK" .
   [2 0])
  ("EX" .
   [5 0])
  ("geom_path" .
   [0 0 0 0 0 0 1 0 0])
  ("age" .
   [1 0 0])
  ("round" .
   [2 0 0 0 0])
  ("as.Date" .
   [3 0 0 0 0 0 0])
  ("theta|k" .
   [1 0 0 0 0 0 0])
  ("k+r" .
   [3 0 0])
  ("n-k+s" .
   [5 0 0 0 0])
  ("alpha+1+n/2" .
   [6 0 0 0 0 0 0 0 0 0 0])
  ("alpha+1" .
   [1 0 0 0 0 0 0])
  ("alpha+2" .
   [2 0 0 0 0 0 0])
  ("n+2" .
   [4 0 0])
  ("whose" .
   [1 0 0 0 0])
  ("inadmissable" .
   [2 0 0 0 0 0 0 0 0 0 0 0])
  ("convexity" .
   [2 0 0 0 0 0 0 0 0])
  ("1/k" .
   [2 0 0])
  ("X/" .
   [2 0])
  ("well" .
   [2 0 0 0])
  ("integrals" .
   [1 0 0 0 0 0 0 0 0])
  ("lambda-a" .
   [1 0 0 0 0 0 0 0])
  ("X=0" .
   [1 0 0])
  ("f'" .
   [1 0])
  ("lambda|X" .
   [6 0 0 0 0 0 0 0])
  ("X+1" .
   [2 0 0])
  ("X|" .
   [1 0])
  ("It" .
   [11 0])
  ("lambda/k" .
   [1 0 0 0 0 0 0 0])
  ("X+a" .
   [5 1 0])
  ("1+1/k" .
   [37 0 0 0 1])
  ("theta-a" .
   [1 0 0 0 0 0 0])
  ("pi" .
   [8 0])
  ("/c" .
   [4 0])
  ("/w" .
   [2 0])
  ("theta|x" .
   [10 0 0 0 0 0 0])
  ("yas-snippet-dirs" .
   [1 0 0 0 0 0 0 0 0 0 0 0 0 0 0 0])
  ("loss" .
   [1 0 0 0])
  ("square" .
   [1 0 0 0 0 0])
  ("np" .
   [4 0])
  ("l/" .
   [1 0])
  ("2/I" .
   [1 0 0])
  ("a+b" .
   [1 0 0])
  ("theta+1" .
   [3 0 0 0 0 0 0])
  ("theta-1" .
   [1 0 0 0 0 0 0])
  ("information" .
   [2 0 0 0 0 0 0 0 0 0 0])
  ("psi'" .
   [4 0 0 0])
  ("unbiased" .
   [2 0 0 0 0 0 0 0])
  ("MLE" .
   [6 0 0])
  ("1/2k" .
   [2 0 0 0])
  ("ke" .
   [1 0])
  ("absolute" .
   [1 0 0 0 0 0 0 0])
  ("1+t" .
   [1 0 0])
  ("array" .
   [4 0 0 1 0])
  ("X'+Y'" .
   [1 0 0 0 0])
  ("X'" .
   [11 0])
  ("S''" .
   [1 0 0])
  ("M'" .
   [3 0])
  ("M/2" .
   [3 0 0])
  ("X+Y" .
   [3 0 0])
  ("M>0" .
   [1 0 0])
  ("integrable" .
   [3 0 0 0 0 0 0 0 0 0])
  ("M/" .
   [1 0])
  ("S'" .
   [4 0])
  ("estimator" .
   [2 0 0 0 0 0 0 0 0])
  ("suppose" .
   [2 0 0 0 0 0 0])
  ("contains" .
   [1 0 0 0 0 0 0 0])
  ("triangle" .
   [2 0 0 0 0 0 0 0])
  ("plane" .
   [1 0 0 0 0])
  ("Y-X" .
   [2 0 0])
  ("Bias" .
   [1 0 0 0])
  ("Bayes" .
   [7 0 0 0 0])
  ("Beta" .
   [3 0 0 0])
  ("hline" .
   [12 0 0 0 0])
  ("multicolumn" .
   [0 0 0 0 0 0 0 0 0 0 1])
  ("multi" .
   [0 0 0 0 1])
  ("Tablulating" .
   [0 0 0 1 0 0 0 0 0 0 0])
  ("a+b+1" .
   [1 0 0 0 0])
  ("13/280" .
   [1 0 0 0 0 0])
  ("decision" .
   [3 0 0 0 0 0 0 0])
  ("Theta" .
   [3 0 0 0 0])
  ("uniform" .
   [2 0 0 0 0 0 0])
  ("F'" .
   [1 0])
  ("Omega# Ω" .
   [0 0 0 0 0 0 0 2])
  ("intx# ⨘" .
   [0 0 0 4 0 0 0])
  ("integrates" .
   [0 0 0 2 0 0 0 0 0 0])
  ("X>x" .
   [5 0 0])
  ("Fubini" .
   [2 0 0 0 0 0])
  ("X>a" .
   [1 0 0])
  ("x>a" .
   [2 0 0])
  ("dP" .
   [9 0])
  ("Suppose" .
   [5 0 0 0 0 0 0])
  ("Cauchy-Schwarz" .
   [3 0 0 0 0 0 0 0 0 0 0 0 0 0])
  ("dKPC$X1" .
   [0 0 0 0 0 0 1])
  ("is.na" .
   [6 0 0 0 0])
  ("X1" .
   [3 0])
  ("Player_Type" .
   [1 0 0 0 0 0 0 0 0 0 0])
  ("dKPC" .
   [3 0 0 0])
  ("KPC" .
   [0 0 1])
  ("kernel" .
   [1 0 0 0 0 0])
  ("34:49" .
   [1 0 0 0 0])
  ("auto-complete-auctex" .
   [0 0 0 0 0 0 0 0 0 0 0 0 0 0 0 0 0 0 0 1])
  ("variable" .
   [3 0 0 0 0 0 0 0])
  ("Observe" .
   [1 0 0 0 0 0 0])
  ("n-2" .
   [2 0 0])
  ("Finally" .
   [2 0 0 0 0 0 0])
  ("entire" .
   [1 0 0 0 0 0])
  ("mu" .
   [16 0])
  ("nature" .
   [1 0 0 0 0 0])
  ("uses" .
   [1 0 0 0])
  ("were" .
   [1 0 0 0])
  (">A" .
   [2 0])
  ("star# ⋆" .
   [0 0 1 3 0 0 0])
  ("stop" .
   [0 0 1 0])
  ("recall" .
   [1 0 0 0 0 0])
  ("epsilon/4" .
   [11 0 0 0 0 0 0 0 0])
  ("A-1" .
   [1 0 0])
  (">1" .
   [1 0])
  ("Observing" .
   [1 0 0 0 0 0 0 0 0])
  ("epsilon/2" .
   [4 0 0 0 0 0 0 0 1])
  ("whole" .
   [1 0 0 0 0])
  ("suitable" .
   [1 0 0 0 0 0 0 0])
  ("Given" .
   [4 0 0 0 0])
  (">0" .
   [3 0])
  ("eta/2" .
   [1 0 0 0 0])
  ("every" .
   [1 0 0 0 0])
  ("compact" .
   [6 0 0 0 0 0 0])
  ("Recall" .
   [1 0 0 0 0 0])
  ("scout$reg_pos_id" .
   [1 0 0 0 0 0 0 0 0 0 0 0 0 0 0 0])
  ("ggNTI" .
   [2 0 0 0 0])
  ("qplot" .
   [6 0 0 0 0])
  ("screeplot" .
   [0 0 0 0 0 0 1 0 0])
  ("screen" .
   [0 0 0 0 1 0])
  ("geom_histogram" .
   [0 0 0 0 0 0 0 0 1 1 0 0 0 0])
  ("geom_hex" .
   [0 0 0 0 0 0 0 1])
  ("PC" .
   [1 0])
  ("2014:" .
   [1 0 0 0 0])
  ("dPC" .
   [4 0 0])
  ("geom_density" .
   [3 0 0 0 0 0 0 0 0 1 0 0])
  ("ggPC" .
   [4 0 0 0])
  ("ggplotGrob" .
   [0 0 0 0 1 0 1 0 0 0])
  ("geom_point" .
   [1 0 0 0 0 0 0 1 0 0])
  ("ggpairs" .
   [1 0 0 0 0 0 0])
  ("PC$x" .
   [3 0 0 1])
  ("prcomp" .
   [0 0 0 0 0 1])
  ("X-Y" .
   [9 0 0])
  ("measure" .
   [3 0 0 0 0 0 0])
  ("satisfies" .
   [1 0 0 0 0 0 0 0 0])
  ("mappings" .
   [1 0 0 0 0 0 0 0])
  ("preserved" .
   [1 0 0 0 0 0 0 0 0])
  ("equivalent" .
   [2 0 0 0 0 0 0 0 0 0])
  ("Y=" .
   [1 0])
  ("n-1" .
   [19 0 0])
  ("=1" .
   [4 0])
  ("nx" .
   [1 0])
  ("Cn" .
   [2 0])
  ("-sx" .
   [1 0 0])
  ("us" .
   [9 0])
  ("distributions" .
   [2 0 0 0 0 0 0 0 0 0 0 0 1])
  ("sums" .
   [3 0 0 0])
  ("BC" .
   [2 0])
  ("n/n" .
   [2 0 0])
  ("large" .
   [3 0 0 0 0])
  ("law" .
   [1 0 0])
  ("Chebyshev's" .
   [2 0 0 0 0 0 0 0 0 0 0])
  ("By" .
   [9 0])
  ("quad" .
   [3 0 0 0])
  ("2i+j" .
   [2 0 0 0])
  ("i+j" .
   [2 0 0])
  ("iY" .
   [3 0])
  ("interested" .
   [4 0 0 0 0 0 0 0 0 0])
  ("shown" .
   [2 0 0 0 0])
  ("tau" .
   [7 0 0])
  ("k-j" .
   [1 0 0])
  ("mean" .
   [36 0 0 0])
  ("=0" .
   [10 0])
  ("k+1-j" .
   [1 0 0 0 0])
  ("do" .
   [9 0])
  ("inductive" .
   [3 0 0 0 0 0 0 0 0])
  ("representation" .
   [4 0 0 0 0 0 0 0 0 0 0 0 0 0])
  ("rho" .
   [14 0 0])
  ("recursive" .
   [1 0 0 0 0 0 0 0 0])
  ("sigma# σ" .
   [0 0 0 1 0 0 0 0])
  ("sin# " .
   [0 0 0 1 0])
  ("dots1" .
   [1 0 0 0 0])
  ("by" .
   [24 0])
  ("compute" .
   [5 0 0 0 0 0 0])
  ("work" .
   [4 0 0 0])
  (">n" .
   [1 0])
  ("goes" .
   [1 0 0 0])
  ("induction" .
   [2 0 0 0 0 0 0 0 0])
  ("completing" .
   [3 0 0 0 0 0 0 0 0 0])
  ("k-1" .
   [4 0 0])
  ("n-k" .
   [4 0 0])
  ("k=0" .
   [5 0 0])
  ("hypothesis" .
   [12 0 0 0 0 0 0 0 0 0])
  ("3dx" .
   [1 0 0])
  ("dx" .
   [30 0])
  ("quantity" .
   [1 0 0 0 0 0 0 0])
  ("formula" .
   [3 0 0 0 0 0 0])
  ("unbounded" .
   [1 0 0 0 0 0 0 0 0])
  ("terms" .
   [10 0 0 0 0])
  ("enough" .
   [1 0 0 0 0 0])
  ("n''" .
   [10 0 0])
  ("ac-LaTeX-mode-setup" .
   [0 0 0 0 1 0 0 0 0 0 0 0 0 0 0 0 0 0 0])
  ("LaTeX-mode-hook" .
   [0 0 0 0 0 0 0 0 0 0 0 0 1 0 0])
  ("LaTeX-mode" .
   [0 1 0 0 0 0 0 0 0 0])
  ("a" .
   [74])
  ("add-hook" .
   [1 0 0 0 0 0 0 1])
  ("than" .
   [3 0 0 0])
  ("pass" .
   [1 0 0 0])
  ("clever" .
   [1 0 0 0 0 0])
  ("gives" .
   [10 0 0 0 0])
  ("Lemma" .
   [4 0 0 0 0])
  ("Kronecker's" .
   [1 0 0 0 0 0 0 0 0 0 0])
  ("difficult" .
   [2 0 0 0 0 0 0 0 0])
  ("But" .
   [3 0 0])
  ("Var" .
   [15 1 0])
  ("need" .
   [5 0 0 0])
  ("control" .
   [3 0 0 0 0 0 0])
  ("moment" .
   [6 0 0 0 0 0])
  ("they" .
   [2 0 0 0])
  ("most" .
   [1 0 0 0])
  ("variance" .
   [12 0 0 0 0 0 0 1])
  ("section" .
   [8 0 0 1 2 0 0])
  ("hat" .
   [10 0 0])
  ("point" .
   [4 0 0 0 0])
  ("primary" .
   [1 0 0 0 0 0 0])
  ("making" .
   [4 0 0 0 0 0])
  ("proofs" .
   [5 0 0 0 0 1])
  ("application" .
   [2 0 0 0 0 0 0 0 0 0 0])
  ("tool" .
   [1 0 0 0])
  ("needs" .
   [2 0 0 0 0])
  ("RVs" .
   [4 0 0])
  ("bounded" .
   [4 0 0 0 0 0 0])
  ("upper" .
   [3 0 0 0 0])
  ("Max" .
   [1 0 0])
  ("variances" .
   [3 0 0 0 0 0 0 0 0])
  ("lower" .
   [6 0 0 0 0])
  ("hypotheses" .
   [3 0 0 0 0 0 0 0 0 0])
  ("Series" .
   [1 0 0 0 0 0])
  ("One" .
   [4 0 0])
  ("through" .
   [2 0 0 0 0 0 0])
  ("indirectly" .
   [2 0 0 0 0 0 0 0 0 0])
  ("shows" .
   [1 0 0 0 0])
  ("Ex" .
   [22 0])
  ("depends" .
   [4 0 0 0 0 0 0])
  ("while" .
   [1 0 0 0 0])
  ("strength" .
   [1 0 0 0 0 0 0 0])
  ("his" .
   [1 0 0])
  ("Kolmogorov" .
   [7 0 0 0 0 0 0 0 0 0])
  ("between" .
   [3 0 0 0 0 0 0])
  ("big" .
   [1 0 0])
  ("Theorem" .
   [9 0 0 0 0 0 0])
  ("SLLN" .
   [12 0 0 0])
  ("into" .
   [2 0 0 0])
  ("half" .
   [7 0 0 0])
  ("sliding" .
   [1 0 0 0 0 0 0])
  ("small" .
   [1 0 0 0 0])
  ("bit" .
   [2 0 0])
  ("truncation" .
   [17 0 0 0 0 0 0 0 0 0])
  ("different" .
   [6 0 0 0 0 0 0 0 0])
  ("very" .
   [7 0 0 0])
  ("inequalities" .
   [13 0 0 0 0 0 0 0 0 0 0 0])
  ("rest" .
   [1 0 0 0])
  ("roots" .
   [2 0 0 0 0])
  ("Notice" .
   [4 0 0 0 0 0])
  ("independent" .
   [10 0 0 0 1 0 0 0 0 0 0])
  ("sufficient" .
   [17 0 0 0 0 0 0 0 0 0])
  ("min" .
   [13 0 0])
  ("exp" .
   [35 0 0])
  ("underbar" .
   [30 0 0 0 0 2 0 6])
  ("idempotent" .
   [1 0 0 0 0 0 0 0 0 0])
  ("From" .
   [4 0 0 0])
  ("projections" .
   [1 0 0 0 0 0 0 0 0 0 0])
  ("orthogonality" .
   [1 0 0 0 0 0 0 0 0 0 0 0 0])
  ("single" .
   [2 0 0 0 0 0])
  ("projects" .
   [2 0 0 0 0 0 0 0])
  ("In" .
   [5 1])
  ("statement" .
   [1 0 0 0 0 0 0 0 0])
  ("Row" .
   [1 0 0])
  ("so" .
   [5 0])
  ("thought" .
   [2 0 0 0 0 0 0])
  ("magnitude" .
   [1 0 0 0 0 0 0 0 0])
  ("say" .
   [3 0 0])
  ("href" .
   [2 0 0 0])
  ("nll" .
   [1 0 0])
  ("j>p" .
   [1 0 0])
  ("le" .
   [16 0])
  ("each" .
   [3 0 0 0])
  ("relationship" .
   [3 0 0 0 0 0 0 0 0 0 0 0])
  ("replace" .
   [1 0 0 0 0 0 0])
  ("form" .
   [8 0 0 0])
  ("new-old-bases" .
   [0 0 0 0 0 0 1 0 0 0 0 0 0])
  ("neq" .
   [1 0 0])
  ("eq" .
   [1 0])
  ("ref" .
   [6 0 0])
  ("exercises" .
   [2 0 0 0 0 0 0 0 0])
  ("earlier" .
   [1 0 0 0 0 0 0])
  ("give" .
   [3 0 0 0])
  ("So" .
   [11 3])
  ("just" .
   [7 0 0 0])
  ("old" .
   [21 0 0])
  ("H_ij" .
   [1 0 0 0])
  ("according" .
   [1 0 0 0 0 0 0 0 0])
  ("var" .
   [9 0 0])
  ("residuals" .
   [3 0 0 0 0 0 0 0 0])
  ("pairs" .
   [4 0 0 0 0])
  ("identical" .
   [1 0 0 0 0 0 0 0 0])
  ("still" .
   [4 0 0 0 0])
  ("correlated" .
   [1 0 0 0 0 0 0 0 0 0])
  ("homoscedastic" .
   [0 0 0 0 0 0 0 0 1 0 0 0 0])
  ("heteroscedastic" .
   [0 0 0 0 0 0 0 0 0 0 0 0 0 0 1])
  ("solve" .
   [1 0 0 0 0])
  ("intervals" .
   [2 0 0 0 0 0 0 0 0])
  ("confidence" .
   [3 0 0 0 0 0 0 0 0 0])
  ("etc." .
   [1 0 0 0])
  ("error" .
   [5 0 0 0 0])
  ("standard" .
   [6 0 0 0 0 0 0 0])
  ("across" .
   [2 0 0 0 0 0])
  ("coefficients" .
   [1 0 0 0 0 0 0 0 0 0 0 0])
  ("asymptotics" .
   [1 0 0 0 0 0 0 0 0 0 0])
  ("here" .
   [3 0 0 0])
  ("assumptions" .
   [2 0 0 0 0 0 0 0 0 0 0])
  ("order" .
   [5 0 0 0 0])
  ("used" .
   [13 0 0 0])
  ("same" .
   [3 0 0 0])
  ("uncorrelated" .
   [1 0 0 0 0 0 0 0 0 0 0 0])
  ("worlds" .
   [2 0 0 0 0 0])
  ("possible" .
   [1 0 0 0 0 0 0 0])
  ("over" .
   [7 0 0 0])
  ("universes" .
   [1 0 0 0 0 0 0 0 0])
  ("parallel" .
   [1 0 0 0 0 0 0 0])
  ("pR" .
   [5 0])
  ("df1" .
   [1 0 0])
  ("data.frame" .
   [5 0 0 0 0 0 1 1 1 0])
  ("data.entry" .
   [0 0 0 0 0 1 0 0 0 0])
  ("R2" .
   [2 0])
  ("p2" .
   [2 0])
  ("ggplot" .
   [8 0 1 0 0 0])
  ("risk" .
   [5 0 0 0])
  ("plotting." .
   [0 0 0 0 0 0 0 0 1])
  ("plot" .
   [32 0 0 0])
  ("return" .
   [6 0 0 0 0 0])
  ("pnorm" .
   [14 0 0 3 0])
  ("png" .
   [0 0 3])
  ("dnorm" .
   [2 0 0 0 1])
  ("cdplot" .
   [0 0 1 0 0 0])
  ("levels" .
   [1 0 0 0 0 1])
  ("scout_pairs" .
   [1 0 0 0 0 0 0 0 0 0 0])
  ("nottem" .
   [0 0 1 1 0 0])
  ("new" .
   [33 0 0])
  ("is.facet" .
   [0 0 0 0 1 0 0 0])
  ("factor" .
   [16 0 0 0 0 0])
  ("scout" .
   [15 0 0 0 0])
  ("ls" .
   [1 0])
  ("respectively" .
   [1 0 0 0 0 0 0 0 0 0 0 0])
  ("Gamma" .
   [18 0 0 0 0])
  ("parameters" .
   [1 0 0 0 0 0 0 0 0 0])
  ("scaled" .
   [2 0 0 0 0 0])
  ("lambda+n" .
   [1 0 0 0 0 0 0 0])
  ("actually" .
   [1 0 0 0 0 0 0 0])
  ("beta" .
   [39 0 0 0])
  ("algebra" .
   [1 0 0 0 0 0 0])
  ("from" .
   [14 0 0 0])
  ("estimate" .
   [5 0 0 0 0 0 0 0])
  ("MAP" .
   [1 0 0])
  ("theta=" .
   [1 0 0 0 0 0])
  ("X=2" .
   [1 0 0])
  ("X=k" .
   [1 0 0])
  ("cdots" .
   [4 0 0 0 0])
  ("j=1" .
   [9 0 0])
  ("trials" .
   [1 0 0 0 0 0])
  ("probabilities" .
   [2 0 0 0 0 0 0 0 0 0 0 0 0])
  ("density" .
   [11 0 0 0 0 0 0])
  ("multinomial" .
   [1 0 0 0 0 0 0 0 0 0 0])
  ("Book" .
   [0 0 1 1])
  ("boldsymbol" .
   [14 0 0 3 9 21 6 2 0 9])
  ("mathcal" .
   [21 0 1 4 0 3 6])
  ("parameter" .
   [12 0 0 0 0 0 0 0 0])
  ("Chi" .
   [4 0 0])
  ("thet" .
   [1 0 0 0])
  ("posterior" .
   [9 0 0 0 0 0 0 0 0])
  ("model" .
   [28 0 0 0 0])
  ("precision" .
   [2 0 0 0 0 0 0 0 0])
  ("conjugate" .
   [9 0 0 0 0 0 0 0 0])
  ("prior" .
   [20 0 0 0 0])
  ("Bayesian" .
   [3 0 0 0 0 0 0 0])
  ("prod" .
   [8 0 0 0])
  ("i+1" .
   [7 0 0])
  ("constant" .
   [8 0 0 0 0 0 0 0])
  ("write" .
   [38 0 0 0 0])
  ("parts" .
   [1 0 0 0 0])
  ("now" .
   [19 0 0])
  ("make" .
   [7 0 0 0])
  ("propto" .
   [10 0 0 0 0 0])
  ("given" .
   [8 0 0 0 0])
  ("delta>0" .
   [3 0 0 0 0 0 0])
  ("inf" .
   [1 0 0])
  ("zero" .
   [12 0 0 0])
  ("second" .
   [5 0 0 2 0 0])
  ("term" .
   [6 0 0 0])
  ("nice" .
   [5 0 0 0])
  ("First" .
   [8 0 0 0 0])
  ("end" .
   [5 0 0])
  ("fixed" .
   [5 0 0 0 0])
  ("continuity" .
   [3 0 0 0 0 0 0 0 0 0])
  ("points" .
   [2 0 0 0 0 0])
  ("being" .
   [3 0 0 0 0])
  ("has" .
   [18 0 0])
  ("notice" .
   [2 0 0 0 0 0])
  ("everywhere" .
   [3 0 0 0 0 0 0 0 0 0])
  ("lim" .
   [10 0 0])
  ("sure" .
   [2 0 0 0])
  ("continuous" .
   [10 0 0 0 0 0 0 0 0 0])
  ("nu>0" .
   [1 0 0 0])
  ("take" .
   [10 0 0 0])
  ("limsup" .
   [15 0 0 0 0 0])
  ("sides" .
   [4 0 0 0 0])
  ("two" .
   [10 0 0])
  ("complement" .
   [1 0 0 0 0 0 0 0 0 0])
  ("when" .
   [18 0 0 0])
  ("delta" .
   [42 0 0 1 0])
  ("eta" .
   [29 0 0])
  ("express" .
   [3 0 0 0 0 0 0])
  ("Note" .
   [6 0 0 0])
  ("monotonicity" .
   [1 0 0 0 0 0 0 0 0 0 0 0])
  ("exists" .
   [12 0 0 0 0 0])
  ("sets" .
   [8 0 0 1])
  ("show" .
   [36 0 0 0])
  ("subseteq" .
   [9 0 0 0 0 0 0 2])
  ("contraction" .
   [2 0 0 0 0 0 0 0 0 0 0])
  ("Then" .
   [21 0 0 0])
  ("epsilon" .
   [73 0 0 0 0 0 0])
  ("stackrel" .
   [21 0 0 0 4 1 1 2])
  ("fact" .
   [17 0 0 0])
  ("use" .
   [10 0 7])
  ("desired" .
   [2 0 0 0 0 0 0])
  ("Our" .
   [3 0 0])
  ("Combining" .
   [1 0 0 0 0 0 0 0 0])
  ("hand" .
   [6 0 0 0])
  ("inequality" .
   [18 0 0 0 0 0 0 0 0 1])
  ("Define" .
   [2 0 0 0 0 0])
  ("oplus" .
   [1 0 0 0 0])
  ("lambda" .
   [62 0 0 0 2 1])
  ("claim" .
   [1 0 0 0 0])
  ("defined" .
   [4 0 0 0 0 0 0])
  ("mathbf" .
   [33 0 0 0 0 12])
  ("cap" .
   [7 0 0])
  ("suffice" .
   [3 0 0 0 0 0 0])
  ("it" .
   [49 0])
  ("alpha" .
   [50 0 1 4 0])
  ("max" .
   [37 0 0])
  ("know" .
   [14 0 0 0])
  ("cup" .
   [19 0 0])
  ("limits" .
   [3 0 0 0 0 2])
  ("n-k+1" .
   [1 0 0 0 0])
  ("align*" .
   [34 0 6 16 7 43])
  ("how" .
   [8 0 0])
  ("let" .
   [25 0 0])
  ("these" .
   [15 0 0 0 0])
  ("k+1" .
   [24 0 0])
  ("Since" .
   [35 0 0 0 0])
  ("=1+" .
   [1 0 0])
  ("dots" .
   [40 0 0 0])
  ("mathbbm" .
   [16 0 0 0 0 0 2])
  ("simple" .
   [8 0 0 0 0 0])
  ("consider" .
   [16 0 0 0 0 0 0 0])
  ("random" .
   [14 0 0 0 0 0])
  ("distributed" .
   [4 0 0 0 0 0 0 0 0 0 0])
  ("probability" .
   [21 0 0 0 0 0 0 0 0 0 0])
  ("problem" .
   [15 0 0 0 0 0 0])
  ("this" .
   [102 0 0 0])
  ("would" .
   [10 0 0 0 0])
  ("If" .
   [23 0])
  ("means" .
   [5 0 0 0 0])
  ("thus" .
   [24 0 0 0])
  ("converges" .
   [8 0 0 0 0 0 0 0 0])
  ("implies" .
   [38 0 0 0 0 0 0])
  ("Using" .
   [7 0 0 0 0])
  ("subsequences" .
   [3 0 0 0 0 0 0 0 0 0 0 0])
  ("result" .
   [21 0 0 0 0 0])
  ("qquad" .
   [12 0 0 0 4])
  ("mbox" .
   [16 0 0 5])
  ("k=1" .
   [41 0 0])
  ("infty" .
   [62 1 1 7 6])
  ("surely" .
   [9 0 0 0 0 0])
  ("almost" .
   [18 0 0 0 0 0])
  ("emph" .
   [11 0 0 0])
  ("prove" .
   [12 0 0 0 0])
  ("sequence" .
   [9 0 0 0 0 0 0 0])
  ("Now" .
   [50 0 0])
  ("3/2" .
   [2 0 0])
  ("bound" .
   [16 0 0 0 0])
  ("follow" .
   [1 0 0 0 0 0])
  ("find" .
   [6 0 1 1])
  ("assumption" .
   [3 0 1 0 0 0 0 0 0 0])
  ("1/4" .
   [11 0 0])
  ("convergence" .
   [9 0 0 0 0 0 0 0 0 0 0])
  ("distribution" .
   [25 0 0 0 0 0 0 0 0 0 0 1])
  ("item" .
   [38 0 1 4])
  ("Prob" .
   [2 1 0 0])
  ("see" .
   [61 0 0])
  ("frac" .
   [226 0 0 0])
  ("useful" .
   [9 0 2 0 0 0])
  ("interval" .
   [10 0 0 0 0 0 0 0])
  ("dyadic" .
   [3 0 0 0 0 0])
  ("belongs" .
   [4 0 0 0 0 0 0])
  ("omega" .
   [28 0 0 0 3])
  ("solarized-broken-srgb" .
   [0 0 0 0 0 0 0 0 0 0 0 0 1 0 0 0 0 0 0 0 0])
  ("solarized-termcolor" .
   [0 0 0 0 0 0 0 0 0 0 0 0 0 0 1 0 0 1 0])
  ("c" .
   [39])
  ("powerline-evil-vim-color-theme" .
   [1 0 0 0 0 0 0 0 0 0 0 0 0 0 0 0 0 0 0 0 0 0 0 0 0 0 0 0 0 0])
  ("auctex-latexmk" .
   [0 0 0 0 0 0 0 0 0 0 0 0 0 1])
  ("Fortran" .
   [0 0 0 1 0 0 0])
  ("x" .
   [64])
  ("unload-feature" .
   [0 0 0 0 0 0 0 0 1 0 0 0 0 0])
  ("load" .
   [2 0 0 0])
  ("enumerate" .
   [6 0 2 5 12 3 1 0 0])
  ("Hence" .
   [54 0 0 0 0])
  ("with" .
   [71 0 0 0])
  ("balls" .
   [1 0 0 0 0])
  ("-radius" .
   [1 0 0 0 0 0 0])
  ("covering" .
   [2 0 0 0 0 0 0 0])
  ("many" .
   [1 0 0 0])
  ("finitely" .
   [1 0 0 0 0 0 0 0])
  ("only" .
   [17 0 0 0])
  ("infinitely" .
   [2 0 0 0 0 0 0 0 0 0])
  ("newline" .
   [6 0 0 1 0 0 0])
  ("NEWLINE" .
   [0 0 0 0 0 0 1])
  ("begin" .
   [42 1 5 53 17])
  ("right" .
   [60 0 0 0 2])
  ("sqrt" .
   [38 1 0 1])
  ("co" .
   [1 0])
  ("rowSums" .
   [0 0 0 0 1 0 0])
  ("mat" .
   [3 0 0])
  ("vec" .
   [4 0 0])
  ("1:6" .
   [1 0 0])
  ("1:2" .
   [2 0 0])
  ("rdat" .
   [8 0 0 0])
  ("listFromMethods" .
   [0 0 0 0 1 0 0 0 0 0 0 0 0 0 0])
  ("gen_dat" .
   [1 0 0 0 0 0 0])
  ("get" .
   [13 0 1])
  ("Gender" .
   [0 0 0 0 0 2])
  ("do.call" .
   [5 0 0 1 0 0 0])
  ("length" .
   [11 0 1 0 0 1])
  ("dat" .
   [12 0 0])
  ("first" .
   [40 0 0 0 0])
  ("row" .
   [7 0 1])
  ("names" .
   [5 0 0 1 0])
  ("outer" .
   [4 0 0 0 1])
  ("append" .
   [3 0 0 0 0 0])
  ("trans3d" .
   [0 0 0 0 1 0 0])
  ("binomial" .
   [0 0 0 1 0 0 0 0])
  ("which" .
   [31 0 0 0 0])
  ("diag" .
   [9 0 0 0])
  ("eval" .
   [0 0 1 0])
  ("clearPushBack" .
   [0 0 0 0 0 2 0 0 0 0 0 0 0])
  ("permitted" .
   [0 0 0 0 1 0 0 0 0])
  ("else" .
   [1 0 0 0])
  ("as.vector" .
   [1 0 0 0 0 0 0 0 0])
  ("type" .
   [14 0 0 0])
  ("ifelse" .
   [10 0 0 0 0 0])
  ("if" .
   [24 0])
  ("words" .
   [4 0 0 0 0])
  ("paste" .
   [6 0 1 0 0])
  ("seq" .
   [6 0 0])
  ("sample" .
   [29 0 0 0 0 0])
  ("function" .
   [23 0 0 0 0 0 0 0])
  ("consonants" .
   [5 0 0 0 0 0 0 0 0 0])
  ("vowels" .
   [3 0 0 0 0 0])
  ("df" .
   [10 3])
  ("rug" .
   [0 0 2])
  ("rnorm" .
   [9 0 2 0 0])
  ("runif" .
   [4 0 0 0 0])
  ("randu" .
   [3 0 0 0 1])
  ("rank" .
   [31 0 2 1])
  ("setdiff" .
   [3 0 0 0 1 0 0])
  ("diff" .
   [0 0 0 1])
  ("intersect" .
   [0 0 0 0 0 0 1 0 0])
  ("integer" .
   [2 0 1 2 0 0 0])
  ("union" .
   [0 0 0 0 1])
  ("as.character.octmode" .
   [1 0 0 0 0 0 0 0 0 0 0 0 0 1 0 0 0 0 0 0])
  ("as.character.Date" .
   [0 0 0 0 0 0 0 0 0 0 0 0 0 1 0 0 0])
  ("as.character.hexmode" .
   [0 0 0 0 0 0 0 0 0 0 0 0 0 0 0 1 0 0 0 0])
  ("apropos" .
   [1 0 0 0 0 0 0])
  ("as.ts" .
   [0 0 0 1 0])
  ("as.numeric" .
   [2 0 0 0 0 0 0 0 0 1])
  ("as" .
   [68 0])
  ("as.integer" .
   [0 0 0 0 0 0 1 0 0 0])
  ("letters" .
   [1 0 0 0 0 0 0])
  ("volcano" .
   [0 0 1 0 0 0 1])
  ("cumsum" .
   [1 0 0 0 0 1])
  ("cumprod" .
   [2 0 0 0 1 0 1])
  ("typeof" .
   [2 0 0 0 0 1])
  ("list" .
   [21 0 1 0])
  ("is.vector" .
   [0 0 0 0 1 0 0 0 0])
  ("1:3L" .
   [1 0 0 0])
  ("1:10" .
   [11 0 0 0])
  ("is.integer" .
   [11 0 0 0 0 0 1 1 0 3])
  ("is.nan" .
   [0 0 0 0 1 0])
  ("is.R" .
   [0 0 0 4])
  ("Mod" .
   [1 0 1])
  ("2:5" .
   [2 0 0])
  ("print" .
   [6 0 0 0 0])
  ("1:N" .
   [4 0 0])
  ("crossprod" .
   [2 0 0 1 0 1 1 0 0])
  ("double" .
   [0 0 1 0 0 0])
  ("1:5" .
   [6 0 0])
  ("rep" .
   [16 0 1])
  ("stl" .
   [0 0 1])
  ("rbind" .
   [3 0 1 0 0])
  ("Vectorize" .
   [1 0 0 3 0 0 0 0 0])
  ("vector" .
   [18 0 2 0 0 0])
  ("matrix" .
   [40 0 3 3 5 1])
  ("cbind" .
   [15 0 0 1 1])
  ("auctex" .
   [0 0 0 0 0 1])
  ("September" .
   [1 0 0 0 0 0 0 0 0])
  ("Theory" .
   [1 0 0 0 0 0])
  ("Probability" .
   [3 0 0 0 0 0 0 0 0 0 0])
  ("ac-set-trigger-key" .
   [1 0 0 0 0 0 0 0 0 0 0 0 0 0 0 0 0 0])
  ("nil" .
   [6 0 0])
  ("ac-auto-show-menu" .
   [1 0 0 0 0 0 0 0 0 0 0 0 0 0 0 0 0])
  ("setq" .
   [7 0 0 0])
  ("knit" .
   [1 0 0 0])
  ("require" .
   [7 0 0 0 0 0 0])
  ("apply" .
   [27 0 1 0 2])
  ("Sys.time" .
   [1 0 0 0 0 0 0 0])
  ("cat" .
   [5 0 0])
  ("is.numeric" .
   [0 0 0 0 0 0 0 0 0 1])
  ("global-map" .
   [1 0 0 0 0 0 0 0 0 0])
  ("the" .
   [477 0 1])
  ("set" .
   [28 0 0])
  ("and" .
   [326 2 0])
  ("abs" .
   [130 0 1])
  ("This" .
   [53 0 0 0])
  ("The" .
   [86 0 0])
  ("class" .
   [25 0 1 0 0])
  ("of" .
   [123 1])
  ("functions" .
   [16 0 0 0 0 0 0 0 0])
  ("is" .
   [192 3])
  ("on" .
   [23 0])
  ("out" .
   [9 0 0])
  ("to" .
   [58 0])
  ("not" .
   [37 0 0])
  ("there" .
   [30 0 0 1 0])
  ("sequences" .
   [5 0 0 0 0 0 0 0 0])
  ("exist" .
   [1 0 0 0 0])
  ("that" .
   [403 0 0 0])
  ("even" .
   [5 0 0 0])
  ("For" .
   [28 0 0])
  ("1/2" .
   [22 0 0])
  ("for" .
   [195 0 0])
  ("all" .
   [89 0 1])
  ("no" .
   [8 0])
  ("Cauchy" .
   [8 0 0 0 0 0])
  ("subsequence" .
   [11 0 0 0 0 1 0 0 0 0 0])
  ("Mathematical" .
   [1 0 0 0 0 0 0 0 0 0 0 0])
  ("Statistics" .
   [1 0 0 0 0 0 0 0 0 2])
  ("Problem" .
   [3 0 0 0 0 0 0])
  ("following" .
   [20 0 0 0 0 0 0 0 0])
  ("identifiable" .
   [6 0 0 0 0 0 0 0 0 0 0 0])
  ("be" .
   [33 0])
  ("Consider" .
   [16 0 0 0 0 0 0 0])
  ("Alph\n    example" .
   [0 0 2 1 0 0 0 0 0 0 0 0 0 0 0 0])
  ("theta" .
   [153 0 0 1 3])
  ("note" .
   [26 0 0 0])
  ("then" .
   [47 0 0 0])
  ("will" .
   [24 0 0 0])
  ("our" .
   [38 0 0])
  ("line" .
   [1 0 0 0])
  ("we" .
   [173 0])
  ("det" .
   [1 0 0])
  ("sum" .
   [146 1 2])
  ("contradiction" .
   [2 0 0 0 0 0 0 0 0 0 0 0 0])
  ("i=1" .
   [40 0 0])
  ("parameterization" .
   [3 0 0 0 0 0 0 0 0 0 0 0 0 0 0 0])
  ("in" .
   [66 0])
  ("does" .
   [5 0 0 0])
  ("are" .
   [69 0 0])
  ("written" .
   [2 0 0 0 0 0 0])
  ("sigma" .
   [60 0 0 0 0])
  ("where" .
   [53 0 0 1 0])
  ("We" .
   [105 0])
  ("can" .
   [110 0 0])
  ("normal" .
   [11 0 0 0 0 0])
  ("pdf" .
   [2 0 0])
  ("case" .
   [13 0 0 0])
  ("an" .
   [34 0])
  ("above" .
   [5 0 0 0 0])
  ("hold" .
   [4 0 0 0])
  ("Let" .
   [32 0 0])
  ("left" .
   [56 0 0 0])
  ("side" .
   [9 0 0 0])
  ("but" .
   [7 0 0])
  ("assume" .
   [6 0 1 0 0 0])
  ("or" .
   [9 0])
  ("both" .
   [8 0 0 0])
  ("since" .
   [20 0 0 0 0])
  ("That" .
   [2 0 0 3])
  ("maximal" .
   [7 0 0 0 0 0 0])
  ("mathbb" .
   [51 0 0 1 0 2])
  ("either" .
   [1 0 0 0 0 0])
  ("have" .
   [72 0 0 0])
  ("ij" .
   [19 0])
  ("identifiability" .
   [2 0 0 0 0 0 0 0 0 0 0 0 0 0 0])
  ("sd" .
   [7 0])
  ("returning" .
   [1 0 0 0 0 0 0 0 0])
  ("fitted" .
   [1 0 0 0 0 0])
  ("models" .
   [3 0 0 0 0 0])
  ("statistical" .
   [1 0 0 0 0 0 0 0 0 0 0])
  ("data" .
   [14 0 2 1])
  ("heterogeneous" .
   [1 0 0 0 0 0 0 0 0 0 0 0 0])
  ("types" .
   [1 0 0 0 0])
  ("mat4" .
   [2 0 0 0])
  ("l$" .
   [1 0])
  ("tex-site" .
   [1 0 0 0 0 0 0 0])
  ("dot@ ̇" .
   [0 0 1 0 0 0])
  ("documentclass" .
   [0 0 0 2 0 0 0 0 0 0 0 0 0])
  ("glyph-char" .
   [1 0 0 0 0 0 0 0 0 0])
  ("TeX-mode" .
   [0 0 0 0 0 1 0 0])
  ("TeX-modes-set" .
   [1 0 0 0 0 0 0 0 0 0 0 0 0])
  ("powerline-evil" .
   [1 0 0 0 0 0 0 0 0 0 0 0 0 0])
  ("powerline-center-evil-theme" .
   [1 0 0 0 0 0 0 0 0 0 0 0 0 0 0 0 0 0 0 0 0 0 0 0 0 0 0])
  ("any" .
   [23 0 1])
  ("arbitrary" .
   [5 0 0 0 0 0 0 0 0])
  ("such" .
   [40 0 1 0])
  ("converge" .
   [3 0 0 0 0 0 0 0])
  ("pick" .
   [8 0 0 0])
  ("look" .
   [3 0 0 0])
  ("aregexec" .
   [0 0 0 0 1 0 0 0])
  ("InsectSprays" .
   [0 0 0 1 0 0 0 0 0 0 0 0])
  ("install.packages" .
   [2 0 0 0 0 0 0 0 0 0 2 0 0 0 0 1])
  ("reglogit" .
   [0 0 0 0 0 1 0 0])
  ("library" .
   [12 0 0 1 0 0 1])
  ("regmlogit" .
   [0 0 0 0 0 0 1 0 0])
  ("arctan" .
   [13 0 0 0 0 0])
  ("itemize" .
   [4 0 0 0 5 0 1])
  ("facts" .
   [3 0 0 0 0])
  ("elementary" .
   [3 0 0 0 0 0 0 0 0 0])
  ("2n-1" .
   [1 0 0 0])
  ("proof" .
   [23 0 1 0 0])
  ("proved" .
   [3 0 0 0 0 0])
  ("limit" .
   [2 0 0 0 0])
  ("n+1" .
   [35 0 0])
  ("searrow" .
   [2 0 0 0 0 0 0])
  ("partial" .
   [12 0 0 0 0 0 0])
  ("monotonically" .
   [1 0 0 0 0 0 0 0 0 0 0 0 0])
  ("odd" .
   [1 0 0])
  ("tail" .
   [7 0 0 0])
  ("third" .
   [1 0 0 0 0])
  ("n=1" .
   [7 0 0])
  ("n=N" .
   [1 0 0])
  ("positive" .
   [22 0 0 0 0 0 0 1])
  ("series" .
   [4 0 0 0 0 0])
  ("Applying" .
   [2 0 0 0 0 0 0 0])
  ("Summing" .
   [1 0 0 0 0 0 0])
  ("Letting" .
   [1 0 0 0 0 0 1])
  ("forall" .
   [2 0 0 0 0 0])
  ("t>0" .
   [2 0 0])
  ("j>k" .
   [3 0 0])
  ("l=k" .
   [1 0 0])
  ("one" .
   [18 0 0])
  ("some" .
   [11 0 0 0])
  ("log" .
   [23 0 0])
  ("strategy" .
   [1 0 0 0 0 0 0 0])
  ("hence" .
   [6 0 0 0 0])
  ("define" .
   [8 0 0 0 0 0])
  ("c>0" .
   [1 0 0])
  ("Kolmogorov's" .
   [5 0 0 0 0 0 0 0 0 0 0 0])
  ("Maximal" .
   [4 0 0 0 0 0 0])
  ("Inequality" .
   [8 0 0 0 0 0 0 0 0 0])
  ("k=n+1" .
   [5 0 0 0 0])
  ("KMI" .
   [8 0 0])
  ("increasing" .
   [3 0 0 0 0 0 0 0 0 0])
  ("analysis" .
   [7 0 0 0 0 0 0 0])
  ("question" .
   [1 0 0 0 0 0 0 0])
  ("holds" .
   [5 0 0 0 0])
  ("def" .
   [2 0 0])
  ("-field" .
   [2 0 0 0 0 0])
  ("sup" .
   [16 0 0])
  ("closed" .
   [2 0 0 0 0 0])
  ("under" .
   [7 0 0 0 1])
  ("countable" .
   [4 0 0 0 0 0 0 0 0])
  ("There" .
   [1 0 0 0 0])
  ("collection" .
   [4 0 0 0 0 0 0 0 0 0])
  ("subset" .
   [1 0 0 0 0 0])
  ("supseteq" .
   [2 0 0 0 0 0 0 0])
  ("follows" .
   [22 0 0 0 0 0 0])
  ("Therefore" .
   [1 0 0 0 0 0 0 0 0])
  ("conclude" .
   [6 0 0 0 0 0 0 0])
  ("iff" .
   [7 0 0])
  ("least" .
   [5 0 0 0 0])
  ("complements" .
   [1 0 0 0 0 0 0 0 0 0 0])
  ("intersections" .
   [1 0 0 0 0 0 0 0 0 0 0 0 0])
  ("Thus" .
   [6 0 0 3])
  ("open" .
   [10 0 0 0])
  ("unions" .
   [1 0 0 0 0 0])
  ("guess" .
   [1 0 0 0 0])
  ("approximation" .
   [4 0 0 0 0 0 0 0 0 0 0 0 0])
  ("MCT" .
   [8 0 0])
  ("also" .
   [10 0 0 0])
  ("Omega" .
   [1 0 0 0 0])
  ("rational" .
   [1 0 0 0 0 0 0 0])
  ("observe" .
   [13 0 0 0 0 0 0])
  ("uniformly" .
   [5 0 0 0 0 0 0 0 0])
  ("immediately" .
   [9 0 0 0 0 0 0 0 0 0 0])
  ("observation" .
   [4 0 0 0 0 0 0 0 0 0 0])
  ("yields" .
   [1 0 0 0 0 0])
  ("relies" .
   [1 0 0 0 0 0])
  ("independence" .
   [2 0 0 0 0 0 0 0 0 0 0 0])
  ("reals" .
   [1 0 0 0 0])
  ("dim" .
   [47 0 0])
  ("colspan" .
   [14 0 0 0 0 0 0])
  ("replaced" .
   [2 0 0 0 0 0 0 0])
  ("violate" .
   [1 0 0 0 0 0 0])
  ("property" .
   [3 0 0 0 0 0 0 0])
  ("matrices" .
   [6 0 0 0 0 0 0 0])
  ("rowspan" .
   [4 0 0 0 0 0 0])
  ("full" .
   [6 0 0 0])
  ("dimension" .
   [4 0 0 0 0 0 0 0 0])
  ("times" .
   [8 0 0 0 0])
  ("definition" .
   [7 0 0 0 0 0 0 0 0 0])
  ("Again" .
   [1 0 0 0 0])
  ("multiplication" .
   [4 0 0 0 0 0 0 0 0 0 0 0 0 0])
  ("langle" .
   [14 0 0 0 0 0])
  ("rangle" .
   [14 0 0 0 0 0])
  ("columns" .
   [8 0 0 0 0 0 0])
  ("orthogonal" .
   [11 0 0 0 0 0 0 0 0 0])
  ("true" .
   [6 0 0 0])
  ("must" .
   [6 0 0 0])
  ("linear" .
   [4 0 0 0 0 0])
  ("inner" .
   [2 0 0 0 0])
  ("products" .
   [1 0 0 0 0 0 0 0])
  ("colspace" .
   [2 0 0 0 0 0 0 0])
  ("subspaces" .
   [1 0 0 0 0 0 0 0 0])
  ("vectors" .
   [6 0 0 0 0 0 0])
  ("p+1" .
   [4 0 0])
  ("p+q" .
   [1 0 0])
  ("reason" .
   [1 0 0 0 0 0])
  ("previous" .
   [7 0 0 0 0 0 0 0])
  ("directly" .
   [2 0 0 0 0 0 0 0])
  ("non-zero" .
   [1 0 0 0 0 0 0 0])
  ("Verbatim" .
   [0 0 0 1 0 0 0 2])
  ("element" .
   [1 0 0 0 0 0 0])
  ("XtY" .
   [1 0 0])
  ("projection" .
   [6 0 0 0 0 0 0 0 0 0])
  ("onto" .
   [8 0 0 0])
  ("interpretation" .
   [3 0 0 0 0 0 0 0 0 0 0 0 0 0])
  ("column" .
   [10 0 0 0 0 0])
  ("space" .
   [12 0 0 0 0])
  ("orthonormal" .
   [4 0 0 0 0 0 0 0 0 0 0])
  ("k-th" .
   [1 0 0 0])
  ("-th" .
   [7 0 0])
  ("coordinates" .
   [4 0 0 0 0 0 0 0 0 0 0])
  ("particular" .
   [1 0 0 0 0 0 0 0 0 0])
  ("basis" .
   [7 0 0 0 0])
  ("size" .
   [3 0 0 0])
  ("tims" .
   [1 0 0 0])
  ("questions" .
   [1 0 0 0 0 0 0 0 0])
  ("rank-one" .
   [5 0 0 0 0 0 0 0])
  ("See" .
   [2 0 0])
  ("more" .
   [9 0 0 0])
  ("scalar" .
   [1 0 0 0 0 0])
  ("similarly" .
   [1 0 0 0 0 0 0 0 0])
  ("expressed" .
   [1 0 0 0 0 0 0 0 0])
  ("geometric" .
   [4 0 0 0 0 0 0 0 0])
  ("general" .
   [4 0 0 0 0 0 0])
  ("product" .
   [3 0 0 0 0 0 0])
  ("spaces" .
   [1 0 0 0 0 0])
  ("called" .
   [1 0 0 0 0 0])
  ("symmetric" .
   [7 0 0 0 0 0 0 0 0])
  ("specific" .
   [2 0 0 0 0 0 0 0])
  ("real" .
   [1 0 0 0])
  ("perp" .
   [1 0 0 0])
  ("other" .
   [7 0 0 0 0])
  ("theme" .
   [1 0 0 0 0])
  ("colnames" .
   [17 0 0 0 0 0 0 3])
  ("dt" .
   [9 0])
  ("date" .
   [6 0 0 0])
  ("Position" .
   [0 0 0 1 0 0 1 0])
  ("timestamp" .
   [0 0 0 1 0 0 0 0 0])
  ("time" .
   [4 0 0 0])
  ("format" .
   [3 0 0 0 0 0])
  ("as.character" .
   [0 0 0 0 0 0 0 0 0 0 0 2])
  ("as.yearmon" .
   [0 0 0 0 1 0 0 0 0 0])
  ("as.call" .
   [0 0 0 0 0 1 0])
  ("Poisson" .
   [4 0 0 0 0 0 0])
  ("eval-after-load" .
   [0 0 0 0 0 0 0 1 0 0 0 0 0 0 0])
  ("readBin" .
   [0 0 0 1 0 0 0])
  ("file_test" .
   [0 0 0 0 1 0 0 0 0])
  ("read.csv" .
   [4 0 0 0 0 0 0 0])
  ("gout_data" .
   [41 0 0 0 0 0 1 4 1])
  ("gout_bol" .
   [1 0 0 0 0 0 0 0])
  ("Summary" .
   [0 0 0 1 0 0 0])
  ("summary" .
   [5 0 0 0 0 0 0])
  ("table" .
   [14 0 0 0 0])
  ("rm" .
   [2 0])
  ("grey" .
   [0 0 0 1])
  ("grep" .
   [7 0 0 0])
  ("col" .
   [12 0 0])
  ("colchicine_col" .
   [0 0 0 0 1 2 2 0 0 0 0 0 0 3])
  ("colors" .
   [1 0 3 4 0 0])
  ("gout_col" .
   [2 0 0 0 0 0 0 0])
  ("colchicine30_col" .
   [0 0 0 0 0 0 0 0 0 0 0 1 0 0 0 0])
  ("filter" .
   [1 0 0 0 0 0])
  ("index" .
   [2 0 0 0 0])
  ("Indometh" .
   [0 0 0 6 0 0 0 0])
  ("index_date_col" .
   [0 0 0 0 0 1 0 2 3 0 2 0 1 4])
  ("index_date_control_col" .
   [0 0 0 0 0 0 0 0 0 0 0 0 0 0 6 1 0 0 0 0 0 0])
  ("mm" .
   [1 0])
  ("help" .
   [2 0 0 1])
  ("Reduce" .
   [9 0 0 0 0 0])
  ("dd" .
   [3 0])
  ("TREATMENT" .
   [1 0 0 0 0 0 0 0 0])
  ("read.csv2" .
   [1 0 0 0 0 0 0 0 0])
  ("embed" .
   [0 0 1 0 0])
  ("is.null" .
   [1 0 0 0 0 0 0])
  ("as.list" .
   [2 0 0 0 2 0 0])
  ("as.logical" .
   [1 0 0 0 0 0 1 0 0 1])
  ("NA" .
   [3 0])
  ("remove" .
   [0 0 0 0 0 1])
  ("sim" .
   [15 0 0])
  ("Pr" .
   [21 0])
  ("using" .
   [6 0 0 0 0])
  ("equal" .
   [3 0 0 0 0])
  ("satisfy" .
   [4 0 0 0 0 0 0])
  ("int" .
   [14 0 0])
  ("bigcap" .
   [1 0 0 0 0 0])
  ("i" .
   [115])
  ("few" .
   [1 0 0])
  ("call" .
   [2 0 0 0])
  ("X=Y" .
   [2 0 0])
  ("X-Z" .
   [2 0 0])
  ("Y-Z" .
   [1 0 0])
  ("n-X" .
   [8 0 0])
  ("before" .
   [1 0 0 0 0 0])
  ("observer" .
   [1 0 0 0 0 0 0 0])
  ("Taking" .
   [3 0 0 0 0 0])
  ("expectations" .
   [1 0 0 0 0 0 0 0 0 0 0 0])
  ("norm" .
   [3 0 0 1])
  ("cor.test" .
   [0 0 0 1 0 0 0 0])
  ("cor" .
   [5 0 0])
  ("thinlines" .
   [0 0 2 0 0 0 0 0 0])
  ("frame" .
   [1 0 1 0 0])
  ("x|" .
   [21 0])
  ("logarithmic" .
   [2 0 0 0 0 0 0 0 0 0 0])
  ("eta+s" .
   [1 0 0 0 0])
  ("s=0" .
   [1 0 0])
  ("E" .
   [16])
  ("=" .
   [66])
  ("p" .
   [99])
  ("N" .
   [18])
  ("boldsymbol# " .
   [1 0 0 1 6 8 1 0 0 0 0 1])
  ("With" .
   [1 0 0 0])
  ("at" .
   [6 0])
  ("Sigma" .
   [12 0 0 0 0])
  ("+" .
   [35])
  ("A" .
   [24])
  ("<" .
   [8])
  ("All" .
   [1 0 0])
  ("pp" .
   [1 0])
  ("example" .
   [4 0 0 0 0 0 2])
  ("statistics" .
   [4 0 0 0 0 0 0 0 0 0])
  ("p-1" .
   [3 0 0])
  ("h=1" .
   [1 0 0])
  ("exponential" .
   [10 0 0 0 0 0 0 0 0 0 0])
  ("p+3" .
   [1 0 0])
  ("/2" .
   [6 0])
  ("showing" .
   [5 0 0 0 0 0 0])
  ("R" .
   [25])
  ("s" .
   [29])
  ("respect" .
   [10 0 0 0 0 0 0])
  ("definite" .
   [7 0 0 0 0 0 0 0])
  ("e" .
   [49])
  ("boldmath" .
   [0 0 4 0 0 0 0 3])
  ("M" .
   [13])
  ("du" .
   [2 0])
  ("Where" .
   [1 0 0 0 0])
  ("integral" .
   [1 0 0 0 0 0 0 0])
  ("statistic" .
   [7 0 0 0 0 0 0 0 0])
  ("choose" .
   [9 0 0 0 0 0])
  ("n-x" .
   [2 0 0])
  ("ratio" .
   [3 0 0 0 0])
  ("could" .
   [2 0 0 0 0])
  ("fix" .
   [1 0 0])
  ("want" .
   [4 0 0 0])
  ("X" .
   [84])
  ("X/N" .
   [1 0 0])
  ("ii" .
   [2 0])
  ("strictly" .
   [2 0 0 0 0 0 0 0])
  ("family" .
   [3 0 0 0 0 0])
  ("support" .
   [1 0 0 0 0 0 0])
  ("x-y" .
   [9 0 0])
  ("x=y" .
   [1 0 0])
  ("generate" .
   [1 0 0 1 0 0 0 0])
  ("n-m" .
   [2 0 0])
  ("m-n" .
   [1 0 0])
  ("known" .
   [1 0 0 0 0])
  ("theorem" .
   [7 0 0 0 0 0 0])
  ("factorization" .
   [1 0 0 0 0 0 0 0 0 0 0 0 0])
  ("P" .
   [15])
  ("1-e" .
   [1 0 0])
  ("-ny" .
   [3 0 0])
  ("ne" .
   [4 0])
  ("derivative" .
   [3 0 0 0 0 0 0 0 0 0])
  ("part" .
   [1 0 0 2])
  ("ng" .
   [1 0])
  ("complete" .
   [5 0 0 0 0 0 0 0])
  ("calculate" .
   [4 0 0 0 0 0 0 0 0])
  ("MGF" .
   [1 0 0])
  ("tX" .
   [6 0])
  ("s-1" .
   [1 0 0])
  ("right|" .
   [3 0 0 0 0 0])
  ("perp# ⟂" .
   [0 0 0 1 0 0 0])
  ("moments" .
   [9 0 0 0 0 0 0])
  ("proceed" .
   [2 0 0 0 0 0 0])
  ("cdot" .
   [6 0 0 0])
  ("nn" .
   [1 0])
  ("atoms" .
   [1 0 0 0 0])
  ("easily" .
   [1 0 0 0 0 0])
  ("non" .
   [1 0 0])
  ("collect" .
   [1 0 0 0 0 0 0])
  ("conditional" .
   [7 0 0 0 0 0 0 0 0 0 0])
  ("construction" .
   [1 0 0 0 0 0 0 0 0 0 0 0])
  ("phi" .
   [9 0 0])
  ("2/2" .
   [4 0 0])
  ("characteristic" .
   [6 0 0 0 0 0 0 0 0 0 0 0 0 0])
  ("top" .
   [1 0 0])
  ("its" .
   [1 0 0])
  ("value" .
   [2 0 0 0 0])
  ("mass" .
   [1 0 0 0])
  ("regions" .
   [0 0 1 0 0 0 0])
  ("amsthm" .
   [0 0 1 0 0 0])
  ("Paley-Zygmund" .
   [1 0 0 0 0 0 0 0 0 0 0 0 0])
  ("ac-flyspell-workaround" .
   [0 0 0 0 0 0 0 1 0 0 0 0 0 0 0 0 0 0 0 0 0 0])
  ("ac-cleanup" .
   [1 0 0 0 0 0 0 0 0 1])
  ("ac-config-default" .
   [0 0 0 0 0 0 1 0 0 0 0 0 0 0 0 0 0])
  ("k=n" .
   [1 0 0])
  ("autoload" .
   [2 0 0 0 0 0 0 0])
  ("latex-mode" .
   [1 0 0 0 0 0 0 0 0 0])
  ("Pr# " .
   [0 0 0 1])
  ("lambda# λ" .
   [0 0 0 1 0 0 0 0 1])
  ("-1" .
   [5 0])
  ("n" .
   [89])
  ("varphi" .
   [8 0 0 0 0 2])
  ("begins" .
   [0 0 0 0 0 1])
  ("dA" .
   [4 0])
  (">" .
   [2])
  ("k" .
   [24])
  ("n'" .
   [1 0])
  ("dots<n" .
   [1 0 0 0 0 0])
  ("k<" .
   [1 0])
  ("m" .
   [15])
  ("equiv" .
   [2 0 0 0 0])
  ("l" .
   [9])
  ("Similarly" .
   [1 0 0 0 0 0 0 0 0])
  ("underbar# ̱" .
   [0 0 0 0 0 0 0 0 0 0 1])
  ("b" .
   [25])
  ("a/n" .
   [1 0 0])
  ("Y'" .
   [7 1])
  ("xf" .
   [2 0])
  ("x+n/2" .
   [1 0 0 0 0])
  ("n/2" .
   [2 0 0])
  ("y'" .
   [1 0])
  ("Y'-X'" .
   [1 0 0 0 0])
  ("tY" .
   [2 0])
  ("dF" .
   [1 0])
  ("itX" .
   [1 0 0])
  ("Also" .
   [1 0 0 0])
  ("equation" .
   [7 0 1 4 1 0 0 0])
  ("coordinate" .
   [1 0 0 0 0 0 0 0 0 0])
  ("j+1" .
   [3 0 0])
  ("change" .
   [1 0 0 0 0 0])
  ("conditions" .
   [3 0 0 0 0 0 0 0 0 0])
  ("theta'" .
   [1 0 0 0 0 0])
  ("admissable" .
   [1 0 0 0 0 0 0 0 0 0])
  ("vert" .
   [0 0 0 1])
  ("Bernoulli" .
   [2 0 0 0 0 0 0 0 0])
  ("n+3" .
   [1 0 0])
  ("1+n+n" .
   [1 0 0 0 0])
  ("Rumvu" .
   [1 0 0 0 0])
  ("pBayes" .
   [1 0 0 0 0 0])
  ("ggsave" .
   [1 0 0 0 0 0])
  ("include" .
   [0 0 0 0 0 0 4])
  ("caption" .
   [0 0 0 1 0 0 0])
  ("figure" .
   [3 0 0 0 0 0])
  ("estimators" .
   [1 0 0 0 0 0 0 0 0 0])
  ("usepackage" .
   [0 0 0 0 0 0 0 0 0 1])
  ("signature" .
   [0 0 1 0 0 0 0 0 0])
  ("ac-source-math-unicode" .
   [1 0 0 0 0 0 0 0 0 0 0 0 0 0 0 0 0 0 0 0 0 0])
  ("ac-math-unicode-in-math-p" .
   [0 0 0 0 0 0 0 0 0 0 0 0 0 0 0 0 0 0 0 0 0 0 0 0 1])
  ("theta# θ" .
   [0 0 0 1 0 0 0 1])
  ("qnorm" .
   [7 0 0 1 0])
  ("1.237" .
   [1 0 0 0 0])
  ("1.530169" .
   [0 0 0 0 1 0 0 0])
  ("satellite" .
   [1 0 0 0 0 0 0 0 0])
  ("power" .
   [1 0 0 0 0])
  ("ax" .
   [2 0])
  ("cannot" .
   [1 0 0 0 0 0])
  ("C1" .
   [1 0])
  ("should" .
   [1 0 0 0 0 0])
  ("An" .
   [1 0])
  ("eqref" .
   [2 0 0 0 0])
  ("z" .
   [1])
  ("alpha/2" .
   [1 0 0 0 0 0 0])
  ("/" .
   [4])
  ("reject" .
   [7 0 0 0 0 0])
  ("1.96" .
   [1 0 0 0])
  ("X/n" .
   [3 0 0])
  ("approximate" .
   [3 0 0 0 0 0 0 0 0 0 0])
  ("9207/17950" .
   [1 0 0 0 0 0 0 0 0 0])
  ("corresponding" .
   [1 0 0 0 0 0 0 0 0 0 0 0 0])
  ("Answer" .
   [1 0 0 2 1 1])
  ("INCOMPLETE" .
   [2 0 0 0 0 0 0 0 0 0])
  ("p>0" .
   [1 0 0])
  ("E|" .
   [1 0])
  ("add" .
   [1 0 0])
  ("S" .
   [14])
  ("|S" .
   [1 0])
  ("experiment" .
   [1 0 0 0 0 0 0 0 0 0])
  ("drawing" .
   [2 0 0 0 0 0 0])
  ("t/" .
   [1 0])
  ("-t" .
   [1 0])
  ("difference" .
   [4 0 0 0 0 0 0 0 0 0])
  ("j" .
   [27])
  ("j'" .
   [2 0])
  ("T" .
   [18])
  ("I" .
   [20])
  ("What" .
   [1 0 0 0])
  ("finite" .
   [2 0 0 0 0 0])
  ("says" .
   [1 0 0 0])
  ("because" .
   [1 0 0 0 0 0 0])
  ("create" .
   [1 0 0 0 0 0])
  ("Z" .
   [8])
  ("looks" .
   [1 0 0 0 0])
  ("o" .
   [1])
  ("quite" .
   [1 0 0 0 0])
  ("numerator" .
   [1 0 0 0 0 0 0 0 0])
  ("f" .
   [18])
  ("Y" .
   [32])
  ("CLT" .
   [3 0 0])
  ("me" .
   [2 0])
  ("monotone" .
   [1 0 0 0 0 0 0 0])
  ("liminf" .
   [1 0 0 0 0 0])
  ("bigg/" .
   [1 0 0 0 0])
  ("2/" .
   [4 0])
  ("w" .
   [3])
  ("|" .
   [19])
  ("t" .
   [40])
  ("something" .
   [2 0 0 0 0 0 0 0 0])
  ("smaller" .
   [1 0 0 0 0 0 0])
  ("today" .
   [2 0 0 0 0])
  ("Q" .
   [1])
  ("B" .
   [5])
  ("uniquely" .
   [1 0 0 0 0 0 0 0])
  ("-2" .
   [2 0])
  ("'" .
   [10])
  ("overline" .
   [8 0 0 0 0 0 0 0])
  ("He" .
   [1 0])
  ("W" .
   [3])
  ("v" .
   [9])
  ("cubic" .
   [1 0 0 0 0])
  ("r" .
   [10])
  ("1-2Y" .
   [2 0 0 0])
  ("-2Y" .
   [1 0 0])
  ("solution" .
   [1 0 0 0 0 0 0 0])
  ("unique" .
   [1 0 0 0 0 0])
  ("minimum" .
   [3 0 0 0 0 0 0])
  ("solutions" .
   [1 0 0 0 0 0 0 0 0])
  ("condition" .
   [3 0 0 0 0 0 0 0 0])
  ("'Y" .
   [1 0])
  ("estimable" .
   [1 0 0 0 0 0 0 0 0])
  ("expected" .
   [1 0 0 0 0 0 0 0])
  ("C" .
   [4])
  ("below" .
   [1 0 0 0 0])
  ("d" .
   [7])
  ("turns" .
   [1 0 0 0 0])
  ("a'" .
   [2 0])
  ("b'" .
   [1 0])
  ("draw_mat" .
   [1 0 0 0 0 0 0 0])
  ("c_i" .
   [5 0 0])
  ("k_i" .
   [2 0 0])
  ("draws" .
   [13 0 0 0 0])
  ("rchisq" .
   [2 0 0 0 0 0])
  ("draws_1" .
   [2 0 0 0 0 0 0])
  ("momk" .
   [4 0 0 0])
  ("de" .
   [1 0])
  ("densityplot" .
   [1 0 0 0 0 0 0 0 0 0 0])
  ("kurt" .
   [2 0 0 0])
  ("12.4314" .
   [1 0 0 0 0 0 0])
  ("options" .
   [1 0 0 0 0 0 0])
  ("b1" .
   [3 0])
  ("Ysim" .
   [3 0 0 0])
  ("model1_sim" .
   [1 0 0 0 0 0 0 0 0 0])
  ("mode" .
   [2 0 0 0])
  ("attr" .
   [0 0 0 1])
  ("m$qr" .
   [0 0 0 1])
  ("m$model" .
   [1 0 0 0 0 0 0])
  ("m$coefficients$" .
   [0 0 0 0 0 0 0 0 0 0 0 0 0 0 1])
  ("m$coefficients" .
   [2 0 0 0 0 0 0 0 0 0 0 0 0 0])
  ("CI_1" .
   [3 0 0 0])
  ("coef" .
   [1 0 0 0])
  ("b0" .
   [1 0])
  ("CI_2" .
   [2 0 0 0])
  ("beta2" .
   [2 0 0 0 0])
  ("beta1" .
   [4 0 0 0 0])
  ("beta1_coverage" .
   [0 0 0 0 0 0 0 1 0 1 0 0 0 0])
  ("beta2_coverage" .
   [0 0 0 0 0 0 0 0 1 0 0 0 0 0])
  ("m$rank" .
   [0 0 0 1 0 0])
  ("m$residuals" .
   [0 0 0 0 0 1 0 0 0 0 0])
  ("lm" .
   [5 0])
  ("attributes" .
   [3 0 0 0 0 0 0 0 0 0])
  ("cN" .
   [6 0])
  ("psi" .
   [3 0 0])
  ("coverage" .
   [2 0 0 0 0 0 0 0])
  ("verbatim" .
   [4 0 0 0 1 0 0 0])
  ("draws.df" .
   [1 0 0 0 0 0 0 0])
  ("p$data" .
   [1 0 0 0 0 0])
  ("values" .
   [1 0 0 0 0 0])
  ("'s" .
   [1 0])
  ("CI" .
   [2 0])
  ("qqplot.data" .
   [1 0 0 0 0 0 0 0 0 0 0])
  ("R2diff" .
   [1 0 1 0 0 0])
  ("R2d_se" .
   [1 0 0 0 0 0])
  ("eigenvalues" .
   [1 0 0 0 0 0 0 0 0 0 0])
  ("-1/2" .
   [2 0 0 0])
  ("tilde" .
   [7 0 0 0 0])
  ("I-H" .
   [4 0 0])
  ("normals" .
   [1 0 0 0 0 0 0])
  ("2M" .
   [1 0])
  ("X'M" .
   [3 0 0])
  ("colsp" .
   [2 0 0 0 0])
  ("-0" .
   [3 0])
  ("results" .
   [4 0 0 0 0 0 0])
  ("j-1" .
   [1 0 0])
  ("k/2-1" .
   [2 0 0 0 0])
  ("k/2-2" .
   [2 0 0 0 0])
  ("k/2" .
   [1 0 0])
  ("lambda/2" .
   [2 0 0 0 0 0 0 0])
  ("u" .
   [11])
  ("code" .
   [5 0 0 0])
  ("doctor's" .
   [1 0 0 0 0 0 0 0])
  ("simulate" .
   [4 0 0 0 0 0 0 0])
  ("651+350" .
   [2 0 0 0 0 0 0])
  ("attached" .
   [1 0 0 0 0 0 0 0])
  ("histogram" .
   [1 0 0 0 0 0 0 0 0])
  ("file" .
   [1 0 0 0])
  ("trend" .
   [1 0 0 0 0])
  ("was" .
   [3 0 0])
  ("X-X" .
   [2 0 0])
  ("Scratch" .
   [1 0 0 0 0 0 0])
  ("Legendre-Fenchel" .
   [1 0 0 0 0 0 0 0 0 0 0 0 0 0 0 0])
  ("k+l" .
   [4 0 0])
  ("log# " .
   [0 0 0 1 0])
  ("na" .
   [1 0])
  ("solarized" .
   [3 0 0 0 0 0 0 0 0])
  ("frame-set-background-mode" .
   [4 0 0 0 0 0 0 0 0 0 0 0 0 0 0 0 0 0 0 0 0 0 0 0 1])
  ("customize-set-variable" .
   [1 0 0 0 0 0 0 0 0 0 0 0 0 0 0 0 0 0 0 0 0 0])
  ("customize" .
   [1 0 0 0 0 0 0 0 0])
  ("swap-theme" .
   [1 0 0 0 0 0 0 0 0 0])
  ("young" .
   [0 0 0 0 1])
  ("youngs" .
   [1 0 0 0 0 0])
  ("box" .
   [1 0 0])
  ("hypograph" .
   [1 0 0 0 0 0 0 0 0])
  ("theory" .
   [1 0 0 0 0 0])
  ("ab" .
   [3 0])
  ("bf" .
   [1 0])
  ("Young's" .
   [2 0 0 0 0 0 0])
  ("LF" .
   [2 0])
  ("Cram" .
   [1 0 0 0])
  ("All4mYoung" .
   [1 0 0 0 0 0 0 0 0 0])
  ("Minkowski's" .
   [2 0 0 0 0 0 0 0 0 0 0])
  ("algebraic" .
   [1 0 0 0 0 0 0 0 0])
  ("convex" .
   [2 0 0 0 0 0])
  ("dual" .
   [1 0 0 0])
  ("behavior" .
   [1 0 0 0 0 0 0 0])
  ("slope" .
   [1 0 0 0 0])
  ("gradient" .
   [2 0 0 0 0 0 0 0])
  ("conj" .
   [1 0 0 0])
  ("about" .
   [3 0 0 0 0])
  ("conjR" .
   [2 0 0 0 0])
  ("X>c" .
   [1 0 0])
  (".6093" .
   [1 0 0 0 1])
  ("RUNSALLOWED" .
   [1 0 0 0 0 0 0 0 0 0 0])
  ("WINS" .
   [7 0 0 0])
  ("se" .
   [1 0])
  ("12.59" .
   [2 0 0 0 0])
  ("85.05" .
   [1 0 0 0 0])
  ("0.0902" .
   [1 0 0 0 0 0])
  ("0.1098" .
   [1 0 0 0 0 0])
  ("-14" .
   [1 0 0])
  ("n=240" .
   [1 0 0 0 0])
  ("left|" .
   [1 0 0 0 0])
  ("wins" .
   [4 0 0 0])
  ("subsubsection*" .
   [2 0 0 0 0 0 0 0 0 0 0 0 0 0])
  ("Regression" .
   [1 0 0 0 0 0 0 0 0 0])
  ("PREV" .
   [2 0 0 0])
  ("RUNSSCORED" .
   [1 0 0 0 0 0 0 0 0 0])
  ("predictors" .
   [5 0 0 0 0 0 0 0 0 0])
  ("RMSE" .
   [1 0 0 0])
  ("3.1.0" .
   [0 0 0 0 1])
  ("3.876795" .
   [0 0 0 0 0 0 1 0])
  ("SSE" .
   [8 0 0])
  ("PAYROLL" .
   [6 0 0 0 0 0 0])
  ("3577.03" .
   [2 0 0 0 0 0 0])
  ("0/" .
   [1 0])
  ("suggests" .
   [1 0 0 0 0 0 0 0])
  ("errors" .
   [2 0 0 0 0 0])
  ("associated" .
   [1 0 0 0 0 0 0 0 0 0])
  ("squared" .
   [1 0 0 0 0 0 0])
  ("significant" .
   [2 0 0 0 0 0 0 0 0 0 0])
  ("regression" .
   [2 0 0 0 0 0 0 0 0 0])
  ("F" .
   [8])
  ("-statistic" .
   [2 0 0 0 0 0 0 0 0 0])
  ("predicting" .
   [1 0 0 0 0 0 0 0 0 0])
  ("JMP" .
   [1 0 0])
  ("variables" .
   [2 0 0 0 0 0 0 0 0])
  ("includegraphics" .
   [0 0 0 0 0 0 0 0 5 0 0 0 0 0 1])
  ("III" .
   [3 0 0])
  ("jpg" .
   [1 0 0])
  ("Ret" .
   [1 0 0])
  ("DF" .
   [1 0])
  ("DFm" .
   [1 0 0])
  ("726/168" .
   [1 0 0 0 0 0 0])
  ("selection" .
   [1 0 0 0 0 0 0 0 0])
  ("p-value" .
   [2 0 0 0 0 0 0])
  ("<=20" .
   [1 0 0 0])
  ("scale=0" .
   [3 0 0 0 0 0 0])
  ("anova" .
   [1 0 0 0 0])
  ("IV" .
   [1 0])
  ("three" .
   [1 0 0 0 0])
  ("3+3" .
   [1 0 0])
  ("F=t" .
   [1 0 0])
  ("x2" .
   [2 0])
  ("lm.sum" .
   [1 0 0 0 0 0])
  ("x1" .
   [2 0])
  ("lm.sum$df" .
   [0 0 0 0 0 0 0 1 1])
  ("lm.sum$sigma" .
   [1 0 0 0 0 0 0 0 0 0 0 0])
  ("lm.sum$coefficients" .
   [1 0 0 0 0 0 0 0 0 0 1 0 0 0 0 0 0 0 0])
  ("lm.sum$coefficients$" .
   [1 0 0 0 0 0 0 0 0 0 0 0 0 0 0 0 0 0 0 0])
  ("2.854" .
   [1 0 0 0 0])
  ("622.202" .
   [1 0 0 0 0 0 0])
  ("nw" .
   [5 0])
  ("weights" .
   [1 0 0 0 0 0 0])
  ("nw$totStudent" .
   [0 0 0 0 0 0 0 0 1 0 0 0 0])
  ("0.5" .
   [3 0 0])
  ("dat$y" .
   [1 0 0 0 0])
  ("dat$sig" .
   [1 0 0 0 0 0 0])
  ("median" .
   [3 0 0 0 0 0])
  ("expand.grid" .
   [0 0 0 0 0 0 0 1 0 0 0])
  ("log.post" .
   [2 0 0 0 0 0 0 0])
  ("post" .
   [2 0 0 0])
  ("prob.post" .
   [1 0 0 0 0 0 0 0 0])
  ("rowMeans" .
   [1 0 0 0 2 0 0 0])
  ("colMedians" .
   [0 0 0 0 0 0 1 0 0 0])
  ("conditionally" .
   [1 0 0 0 0 0 0 0 0 0 0 0 0])
  ("packages" .
   [2 0 0 0 0 0 0 0])
  ("beta|" .
   [2 0 0 0 0])
  ("MH" .
   [1 0])
  ("t-1" .
   [1 0 0])
  ("*|" .
   [2 0])
  ("SAT$y" .
   [3 0 0 0 1])
  ("SAT$sig" .
   [5 0 0 0 0 0 1])
  ("tau2" .
   [3 0 0 1])
  ("mu.t" .
   [1 0 0 0])
  ("mu.j" .
   [4 0 0 0])
  ("tau2.hat" .
   [3 0 0 0 0 0 0 0])
  ("rn$" .
   [1 0 0])
  ("acf" .
   [4 0 0])
  ("lines" .
   [3 0 0 0 0])
  ("draws.thin" .
   [1 0 0 0 0 0 0 0 0 0])
  ("SAT" .
   [1 0 0])
  ("bike$y" .
   [1 0 0 0 0 0])
  ("rtruncnorm" .
   [4 0 0 2 0 0 0 0 0 0])
  ("dtruncnorm" .
   [0 0 0 1 0 0 0 0 0 0])
  ("L.star" .
   [1 0 0 0 0 0])
  ("L.j" .
   [2 0 0])
  ("a.new" .
   [1 0 0 0 0])
  ("a.j" .
   [3 0 0])
  ("b.j" .
   [2 0 0])
  ("colMeans" .
   [6 0 0 0 0 1 0 0])
  ("definecolor" .
   [0 0 0 0 0 1 0 0 0 0 0])
  ("posOp" .
   [1 0 0 0 0])
  ("T|" .
   [1 0])
  ("operators" .
   [6 0 0 0 0 0 0 0 0])
  ("{ " .
   [5 0])
  ("f|" .
   [1 0])
  ("arrowinset=0" .
   [1 0 0 0 0 0 0 0 0 0 0 0])
  ("yellow" .
   [1 0 0 0 0 0])
  ("hatched" .
   [2 0 0 0 0 0 0])
  ("Markov" .
   [3 0 0 0 0 0])
  ("cone" .
   [8 0 0 0])
  ("fig" .
   [2 0 0])
  ("posOpEx" .
   [1 0 0 0 0 0 0])
  ("geometry" .
   [3 0 0 0 0 0 0 0])
  ("cos" .
   [1 0 0])
  ("Operators" .
   [2 0 0 0 0 0 0 0 0])
  ("Perron-Frobenius" .
   [1 0 0 0 0 0 0 0 0 0 0 0 0 0 0 0])
  ("operator" .
   [3 0 0 0 0 0 0 0])
  ("irreducible" .
   [1 0 0 0 0 0 0 0 0 0 0])
  ("theoremstyle" .
   [0 0 0 0 0 0 0 2 0 0 0 0])
  ("University" .
   [0 0 0 1 0 0 0 0 0 0])
  ("thm" .
   [3 0 0])
  ("eigenvector" .
   [4 0 0 0 0 0 0 0 0 0 0])
  ("Tx" .
   [4 0])
  ("Tz" .
   [1 0])
  ("eigenvectors" .
   [2 0 0 0 0 0 0 0 0 0 0 0])
  ("Remark" .
   [0 0 0 0 0 1])
  ("non-negative" .
   [1 0 0 0 0 0 0 0 0 0 0 0])
  ("state" .
   [1 0 0 0 0])
  ("uniqueVec" .
   [1 0 0 0 0 0 0 0 0])
  ("T|f|" .
   [1 0 0 0])
  ("|f|" .
   [1 0 0])
  ("cauchy" .
   [2 0 0 0 0 0])
  ("n+m+1" .
   [1 0 0 0 0])
  ("citeasnoun" .
   [3 0 0 0 0 0 0 0 0 0])
  ("Laurent" .
   [1 0 0 0 0 0 0])
  ("applying" .
   [1 0 0 0 0 0 0 0])
  ("cancel" .
   [1 0 0 0 0 0])
  ("lem" .
   [1 0 0])
  ("Karlin" .
   [1 0 0 0 0 0])
  ("Wiener's" .
   [1 0 0 0 0 0 0 0])
  ("rhc" .
   [1 0 0])
  ("as.factor" .
   [2 0 0 0 0 0 0 0 0])
  ("swang1" .
   [1 0 0 0 0 0])
  ("yhat.train" .
   [1 0 0 0 0 0 0 0 0 0])
  ("bart.rhc" .
   [0 0 0 0 0 0 0 3])
  ("bart" .
   [1 0 0 0])
  ("sort" .
   [1 0 0 0])
  ("comp" .
   [1 0 0 0])
  ("rhc$ps" .
   [2 0 0 0 0 0])
  ("sign" .
   [1 0 0 0])
  ("bart.rhc$yhat.test" .
   [1 0 0 0 0 0 0 0 0 0 1 0 0 0 0 0 0 0])
  ("bart.rhc$sigest" .
   [0 0 0 0 0 0 0 0 0 1 0 0 0 0 0])
  ("bart.rhc$sigma" .
   [1 0 0 0 0 0 0 0 0 0 0 0 0 0])
  ("bart.rhc$varcount" .
   [0 0 0 0 0 0 0 0 0 0 1 0 0 0 0 0 0])
  ("v.obs" .
   [2 0 0 0 0])
  ("qf" .
   [2 0])
  ("max.C" .
   [2 0 0 0 0])
  ("v.c" .
   [1 0 0])
  ("max.T" .
   [1 0 0 0 0])
  ("sd.C" .
   [1 0 0 0])
  ("df.compare$T" .
   [1 0 0 0 0 0 0 0 0 0 0 0])
  ("p.train.T" .
   [1 0 0 0 0 0 0 0 0])
  ("p.test.C" .
   [1 0 0 0 0 0 0 0])
  ("qqplot" .
   [2 0 0 0 0 0])
  ("ps.b" .
   [1 0 0 0])
  ("df.compare$ps.b" .
   [1 0 0 0 0 0 0 0 0 0 0 0 0 0 0])
  ("0.9" .
   [1 0 0])
  ("drop.ind" .
   [2 0 0 0 0 0 0 0])
  ("b.1" .
   [1 0 0])
  ("X.drop" .
   [1 0 0 0 0 0])
  ("T.drop" .
   [1 0 0 0 0 0])
  ("ps" .
   [1 0])
  ("X.c" .
   [3 0 0])
  ("kp.ind" .
   [2 0 0 0 0 1])
  ("bart.sim$yhat.test" .
   [1 0 0 0 0 0 0 0 0 0 0 0 0 0 0 0 0 0])
  ("bart.sim$yhat.train" .
   [1 0 0 0 0 0 0 0 0 0 0 0 0 0 0 0 0 0 0])
  ("ps.sim" .
   [4 0 0 0 0 0])
  ("kp.ind.sim" .
   [2 0 0 0 0 0 0 0 0 0])
  ("s.effect" .
   [0 0 0 0 0 0 0 1])
  ("s.effect.sim" .
   [1 0 0 0 0 0 0 0 0 0 1 0])
  ("v.c.sim" .
   [2 0 0 0 0 0 0])
  ("v.obs.sim" .
   [1 0 0 0 0 0 0 0 0])
  ("3.841" .
   [1 0 0 0 0])
  (".5" .
   [1 0])
  ("m.effect.sim" .
   [0 0 0 0 0 0 0 0 0 1 0 0])
  (".95" .
   [1 0 0])
  ("bart.sim$sigma" .
   [0 0 0 0 0 0 0 0 0 0 1 0 0 0])
  ("m.effect.ind" .
   [3 0 0 0 0 0 0 0 0 0 0 0])
  ("train$LogRevenue" .
   [0 0 0 0 0 0 0 0 1 0 1 0 0 0 0 0])
  ("train" .
   [2 0 0 0 0])
  ("investigate_var_importance" .
   [0 0 0 0 0 0 0 0 0 1 0 0 0 0 0 0 0 0 0 0 0 0 0 0 0 0])
  ("important_features" .
   [0 0 0 0 0 0 0 0 0 0 0 0 1 0 0 0 0 0])
  ("rf.all" .
   [1 0 0 0 0 0])
  ("sub" .
   [2 0 0])
  ("p$" .
   [1 0])
  ("bart.train" .
   [1 0 0 0 0 0 0 0 0 2])
  ("City" .
   [1 0 0 0])
  ("train$CityGroup" .
   [1 0 0 0 0 0 0 0 0 0 0 0 0 0 0])
  ("vs" .
   [1 0])
  ("submission" .
   [1 0 0 0 0 0 0 0 0 0])
  ("sub.bart$Prediction" .
   [2 0 0 0 0 0 0 0 0 0 0 0 0 0 0 0 0 0 0])
  ("invisible" .
   [0 0 0 1 0 0 0 0 0])
  ("scout$out_TypePlay" .
   [1 0 0 0 0 0 0 0 0 0 0 0 0 0 0 0 0 1])
  ("bartMachineCV" .
   [1 0 0 0 0 0 0 0 0 0 0 0 0])
  ("var_selection_by_permute" .
   [0 0 0 1 0 0 0 0 0 0 0 0 0 0 0 0 0 0 0 0 0 0 0 0])
  ("understand" .
   [1 0 0 0 0 0 0 0 0 0])
  ("A3" .
   [2 0])
  ("step" .
   [3 0 0 0])
  ("helps" .
   [1 0 0 0 0])
  ("rf.crossval$error.cv" .
   [0 0 0 0 0 0 0 0 0 0 0 0 0 0 1 0 0 0 0 0])
  ("dat.1" .
   [1 0 0 0 0])
  ("13:33" .
   [1 0 0 0 0])
  ("month" .
   [1 0 0 0 0])
  ("etruncnorm" .
   [1 0 0 0 0 0 0 0 0 0])
  ("gam" .
   [4 0 0])
  ("joint" .
   [1 0 0 0 0])
  ("seasonal" .
   [1 0 0 0 0 0 0 0])
  ("effects" .
   [1 0 0 0 0 0 0])
  ("gamma" .
   [6 0 0 0 0])
  ("i|" .
   [4 0])
  ("-y" .
   [3 0])
  ("district" .
   [1 0 0 0 0 0 0 0])
  ("common" .
   [1 0 0 0 0 0])
  ("color" .
   [1 0 0 0 0])
  ("dev.off" .
   [2 0 0 0 0 0 0])
  ("barplot" .
   [1 0 0 0 0 0 0])
  ("dat.final$Mo" .
   [0 0 0 0 0 0 0 0 0 0 2 0])
  ("n.burn" .
   [1 0 0 0 0 0])
  ("subsubsection" .
   [0 0 0 0 0 0 0 1 0 0 0 0 0])
  ("rates" .
   [2 0 0 0 0])
  ("H" .
   [2])
  ("g" .
   [1])
  ("Convergence" .
   [1 0 0 0 0 0 0 0 0 0 0])
  ("augmentation" .
   [1 0 0 0 0 0 0 0 0 0 0 0])
  ("autocorrelation" .
   [0 0 0 0 0 1 0 0 0 0 0 0 0 0 0])
  ("bike" .
   [5 0 0 0])
  ("dataset" .
   [1 0 0 0 0 0 0])
  ("districts" .
   [1 0 0 0 0 0 0 0 0])
  ("Damien" .
   [1 0 0 0 0 0])
  ("somewhat" .
   [1 0 0 0 0 0 0 0])
  ("exposure" .
   [2 0 0 0 0 0 0 0])
  ("errbar" .
   [1 0 0 0 0 0])
  ("stdize" .
   [1 0 0 0 0 0])
  ("sampling" .
   [3 0 0 0 0 0 0 0])
  ("1a" .
   [3 0])
  ("1'" .
   [1 0])
  ("sig" .
   [12 0 0])
  ("Y|T" .
   [3 0 0])
  ("defines" .
   [1 0 0 0 0 0 0])
  ("y.sim" .
   [6 0 0 0 0])
  ("t.1" .
   [2 0 0])
  ("J" .
   [4])
  ("a.sim" .
   [2 0 0 0 0])
  ("e.sim" .
   [7 0 0 0 0])
  ("y.bar.a2" .
   [1 0 0 0 0 0 0 0])
  ("y.bar" .
   [2 0 0 0 0])
  ("BSig" .
   [1 0 0 0])
  ("eps" .
   [5 0 0])
  ("minimally" .
   [1 0 0 0 0 0 0 0 0])
  ("s.eps" .
   [1 0 0 0 0])
  ("1d" .
   [1 0])
  ("R-code" .
   [1 0 0 0 0 0])
  ("testing" .
   [2 0 0 0 0 0 0])
  ("structure" .
   [4 0 0 0 0 0 0 0 0])
  ("heirarchical" .
   [1 0 0 0 0 0 0 0 0 0 0 0])
  ("shared" .
   [1 0 0 0 0 0])
  ("component" .
   [2 0 0 0 0 0 0 0 0])
  ("obvious" .
   [1 0 0 0 0 0 0])
  ("Bbetahat" .
   [5 0 0 0 0 0 0 0])
  ("OLS" .
   [4 0 0])
  ("sandwhich" .
   [1 0 0 0 0 0 0 0 0])
  ("max " .
   [1 0 0 0])
  ("argmin" .
   [1 0 0 0 0 0])
  ("regularity" .
   [1 0 0 0 0 0 0 0 0 0])
  ("asymptotic" .
   [1 0 0 0 0 0 0 0 0 0])
  ("noise" .
   [1 0 0 0 0])
  ("estimation" .
   [1 0 0 0 0 0 0 0 0 0])
  ("due" .
   [1 0 0])
  ("GLMs" .
   [1 0 0 0])
  ("decomposition" .
   [2 0 0 0 0 0 0 0 0 0 0 0 0])
  ("Under" .
   [2 0 0 0 0])
  ("Bbeta" .
   [1 0 0 0 0])
  ("modeled" .
   [1 0 0 0 0 0 0])
  ("analagous" .
   [1 0 0 0 0 0 0 0 0])
  ("Y|X" .
   [4 0 0])
  ("misspecified" .
   [2 0 0 0 0 0 0 0 0 0 0 0])
  ("yield" .
   [1 0 0 0 0])
  ("Wooldridge" .
   [1 0 0 0 0 0 0 0 0 0])
  ("White" .
   [1 0 0 0 0])
  ("paper" .
   [1 0 0 0 0])
  ("without" .
   [1 0 0 0 0 0 0])
  ("obs" .
   [1 0 0])
  ("suspect" .
   [1 0 0 0 0 0 0])
  ("homoskedasticity" .
   [1 0 0 0 0 0 0 1 0 0 0 0 0 0 0 0])
  ("test.stat.null" .
   [7 0 0 0 0 0 0 0 0 0 0 0 0 0])
  ("block" .
   [3 0 0 0 0])
  ("stat" .
   [3 0 0 0])
  ("conditioned" .
   [1 0 0 0 0 0 0 0 0 0 0])
  ("away" .
   [1 0 0 0])
  ("complicated" .
   [2 0 0 0 0 0 0 0 0 0 0])
  ("belong" .
   [1 0 0 0 0 0])
  ("However" .
   [1 0 0 0 0 0 0])
  ("group" .
   [1 0 0 0 0])
  ("simulated" .
   [2 0 0 0 0 0 0 0 0])
  ("easy" .
   [1 0 0 0])
  ("tests" .
   [2 0 0 0 0])
  ("aspect" .
   [2 0 0 0 0 0])
  ("origin" .
   [1 0 0 0 0 0])
  ("groups" .
   [1 0 0 0 0 0])
  ("simulation" .
   [1 0 0 0 0 0 0 0 0 0])
  ("framework" .
   [1 0 0 0 0 0 0 0 0])
  ("QMLE" .
   [2 0 0 0])
  ("N.sim" .
   [1 0 0 0 0])
  ("rbeta" .
   [1 0 0 0 0])
  ("1-p'" .
   [1 0 0 0])
  ("study" .
   [2 0 0 0 0])
  ("sensitivity" .
   [4 0 0 0 0 0 0 0 0 0 0])
  ("Gamma/" .
   [1 0 0 0 0 0])
  ("gam.max" .
   [1 0 0 0 0 0 0])
  ("GKR" .
   [0 0 1])
  ("gkr.probvec" .
   [1 0 0 0 0 0 0 0 0 0 0])
  (".2" .
   [1 0])
  ("si" .
   [2 0])
  ("simultaneous" .
   [1 0 0 0 0 0 0 0 0 0 0 0])
  ("Directions" .
   [2 0 0 0 0 0 0 0 0 0])
  ("cite" .
   [2 0 0 0])
  ("lim " .
   [1 0 0 0])
  ("Gamma'" .
   [4 0 0 0 0 0])
  ("favorable" .
   [2 0 0 0 0 0 0 0 0])
  ("frametitle" .
   [2 0 0 0 0 0 0 0 0 0])
  ("Simulation" .
   [1 0 0 0 0 0 0 0 0 0])
  ("Study" .
   [1 0 0 0 0])
  ("pause" .
   [6 0 0 0 0])
  ("G" .
   [2])
  ("unknown" .
   [1 0 0 0 0 0 0])
  ("textit" .
   [1 0 0 0 0 0])
  ("s1" .
   [1 0])
  ("discordance" .
   [2 0 0 0 0 0 0 0 0 0 0])
  ("s2" .
   [1 0])
  ("Incorporating" .
   [1 0 0 0 0 0 0 0 0 0 0 0 0])
  ("QUESTION" .
   [1 0 0 0 0 0 0 0])
  ("ANSWER" .
   [1 0 0 0 0 0])
  ("s=1" .
   [1 0 0])
  ("worst" .
   [1 0 0 0 0])
  ("simplified" .
   [1 0 0 0 0 0 0 0 0 0])
  ("ex" .
   [1 0])
  ("ge" .
   [1 0])
  ("determine" .
   [1 0 0 0 0 0 0 0 0])
  ("D" .
   [1])
  ("Delta" .
   [2 0 0 0 0])
  ("approximately" .
   [1 0 0 0 0 0 0 0 0 0 0 0 0])))
